-1.074398, 2.055422, 9.2494, 1713614828933
-1.3269863, 2.0141222, 9.440337, 1713614829136
-0.87089086, 2.15957, 9.473856, 1713614829333
-0.7781156, 2.3690627, 9.357139, 1713614829534
-0.6135142, 2.553416, 9.40203, 1713614829735
-0.7906851, 2.5492263, 9.299678, 1713614829938
-0.3716998, 2.895787, 9.295488, 1713614830136
-0.54887074, 2.842516, 9.308656, 1713614830337
-0.57041854, 2.8993783, 9.288305, 1713614830538
-0.504578, 2.8993783, 9.464878, 1713614830738
-1.2743138, 3.54282, 8.980651, 1713614830940
-1.9363106, 4.0216603, 8.411429, 1713614831141
-2.142212, 4.131195, 8.615535, 1713614831342
-2.1404164, 4.07134, 8.661623, 1713614831542
-2.0763714, 4.104859, 8.9363575, 1713614831676
-1.9734207, 4.0976763, 8.641871, 1713614831678
-2.0667946, 4.140772, 8.474277, 1713614831717
-1.9662381, 4.0665517, 8.395268, 1713614831720
-2.0141222, 4.045004, 8.184579, 1713614831760
-1.7004818, 4.1503487, 7.880515, 1713614831763
-1.216853, 4.320337, 7.827842, 1713614831803
-1.0875661, 4.0545807, 7.6506715, 1713614831806
-1.9207484, 3.2549171, 7.061698, 1713614831839
-0.0700304, 3.669114, 7.463924, 1713614831842
1.1941081, 3.570952, 8.12233, 1713614831881
1.5077485, 3.027468, 9.417592, 1713614831883
1.3066356, 2.5486276, 10.193314, 1713614831921
1.1438298, 2.1942859, 9.810242, 1713614831924
1.3401544, 1.6699557, 9.223662, 1713614831961
1.38325, 1.0378864, 9.673772, 1713614831963
1.3521254, 0.50876784, 10.231621, 1713614831994
1.4790181, -0.046686932, 10.097546, 1713614831995
1.4478935, -0.36990416, 10.8182, 1713614832030
0.5117606, -0.39863458, 11.804611, 1713614832034
-0.2088941, -0.5398925, 11.634624, 1713614832065
0.30107087, -0.16400282, 11.170148, 1713614832099
0.88046765, -0.142455, 11.46224, 1713614832100
1.2779051, -0.10175357, 11.833342, 1713614832134
2.180519, 0.32441434, 11.759122, 1713614832136
2.8963854, 0.81283146, 10.767922, 1713614832167
2.1350293, 0.90620536, 9.443929, 1713614832198
1.8142064, 0.89902276, 8.615535, 1713614832200
1.9387048, 1.2629414, 9.144653, 1713614832229
2.381632, 1.3515269, 10.324995, 1713614832257
2.759916, 1.4257472, 11.014524, 1713614832258
2.8628666, 1.6172832, 10.722432, 1713614832286
2.6449943, 2.098518, 9.606734, 1713614832316
2.0009542, 2.4289176, 8.306683, 1713614832317
2.5611973, 2.754529, 7.856573, 1713614832347
3.1884782, 3.333926, 8.457518, 1713614832375
4.0264487, 3.5422213, 8.74961, 1713614832378
4.1701007, 3.8654387, 8.634688, 1713614832406
4.007295, 4.080917, 8.780735, 1713614832433
3.7894228, 4.2940006, 8.871715, 1713614832436
3.3919852, 4.5406036, 8.167819, 1713614832460
3.3153708, 4.9069166, 7.5165963, 1713614832484
3.4638114, 5.2660465, 7.5429325, 1713614832512
3.3153708, 5.4049106, 7.562086, 1713614832515
2.700061, 5.4647655, 6.479907, 1713614832540
2.1733365, 5.8358665, 5.5030727, 1713614832567
2.1278467, 6.1159883, 5.708974, 1713614832595
2.0608091, 6.1159883, 6.314707, 1713614832596
1.9339164, 6.183026, 6.5469446, 1713614832623
1.8668787, 6.367379, 6.173449, 1713614832649
1.2850877, 6.381745, 5.4887075, 1713614832675
0.82779527, 6.4032927, 5.333084, 1713614832676
0.83497787, 6.5230026, 5.931635, 1713614832704
0.3513491, 6.2979474, 6.293159, 1713614832729
-0.83617496, 5.967548, 6.1519012, 1713614832756
-1.6334441, 5.5964465, 5.8598084, 1713614832757
-2.212841, 5.5030727, 5.7760115, 1713614832783
-2.3397336, 5.141548, 6.3578024, 1713614832809
-2.7635074, 4.71538, 7.679402, 1713614832835
-3.3381157, 4.289212, 7.9810715, 1713614832837
-3.5607765, 4.0785227, 7.763199, 1713614832860
-3.7044287, 3.8510735, 7.2628107, 1713614832885
-3.934272, 3.6236243, 6.944382, 1713614832911
-4.4274774, 3.2932243, 6.9611416, 1713614832937
-4.767454, 2.8526914, 7.4711065, 1713614832938
-4.3436804, 2.517503, 8.433576, 1713614832963
-4.097078, 2.2541409, 9.17099, 1713614832990
-4.087501, 1.9692309, 9.14226, 1713614833018
-4.279037, 1.8902222, 8.440758, 1713614833020
-3.9055414, 1.9357121, 8.275558, 1713614833047
-3.567959, 1.7417817, 8.325836, 1713614833075
-3.5775359, 1.3323733, 8.124723, 1713614833078
-3.7523127, 1.0307038, 8.064868, 1713614833103
-3.8504748, 0.5518635, 8.330625, 1713614833130
-3.74513, 0.19512744, 8.98903, 1713614833158
-2.4522612, -0.06344634, 9.204509, 1713614833160
-1.9758149, -0.34356794, 9.147048, 1713614833188
-2.758719, -1.1145009, 10.109517, 1713614833214
-3.4386723, -1.8183962, 11.277887, 1713614833242
-2.9765913, -1.9716251, 11.4598465, 1713614833244
-1.762731, -1.7226281, 11.148601, 1713614833273
-1.8752584, -1.2677298, 11.675324, 1713614833303
-2.4067712, -0.7577648, 12.4390745, 1713614833306
-1.4012065, -1.6316484, 12.25951, 1713614833334
-0.52732295, -2.2780828, 11.835736, 1713614833340
-0.11552023, -2.184709, 11.457452, 1713614833366
0.44951138, -1.6938977, 11.129447, 1713614833395
0.7823054, -1.4041992, 10.667366, 1713614833399
0.5189432, -1.0570401, 10.255563, 1713614833428
0.076015905, -0.45370123, 10.040085, 1713614833457
0.20530279, 0.08499416, 9.372103, 1713614833461
0.3298013, 0.5686229, 8.572439, 1713614833488
0.2220622, 1.0546459, 8.440758, 1713614833515
0.11911154, 1.210269, 8.589199, 1713614833520
0.10235212, 1.2294226, 8.941146, 1713614833548
-0.08200141, 1.2366052, 10.305841, 1713614833575
-0.17298107, 0.5686229, 12.151771, 1713614833580
-0.16101007, 0.22625206, 12.683284, 1713614833607
0.15981296, 0.015562311, 12.855666, 1713614833636
0.26276365, 0.03232172, 12.041637, 1713614833641
-5.985504E-4, 0.34596214, 10.612299, 1713614833667
-0.57999533, 0.81522566, 9.999383, 1713614833695
-1.4490906, 1.6603789, 9.259575, 1713614833723
-1.6765398, 2.3594859, 8.524555, 1713614833727
-1.2144588, 2.8072014, 8.062474, 1713614833753
-1.1641805, 3.513491, 8.01459, 1713614833781
-1.4969746, 4.059369, 7.4591355, 1713614833784
-1.9853917, 4.301183, 6.8557963, 1713614833811
-2.5767596, 4.349067, 6.278794, 1713614833835
-2.653374, 4.4304705, 5.8502316, 1713614833862
-2.6342204, 4.6483426, 5.922058, 1713614833864
-2.5408466, 4.8374844, 6.6642604, 1713614833890
-2.3708582, 5.1607018, 6.992266, 1713614833915
-2.6868927, 5.7305217, 6.609194, 1713614833943
-2.8137856, 6.4032927, 6.0345855, 1713614833946
-2.5839422, 6.420052, 6.029797, 1713614833976
-2.7730842, 5.816713, 6.503849, 1713614834005
-3.1561563, 5.5102553, 7.1191587, 1713614834008
-3.3859997, 5.4312468, 6.692991, 1713614834035
-3.555988, 5.4288526, 5.7065797, 1713614834063
-3.663727, 5.4527946, 5.031415, 1713614834064
-3.9558198, 5.639542, 4.832696, 1713614834091
-3.8815994, 5.543774, 5.04578, 1713614834119
-4.0396166, 5.3474493, 5.3713913, 1713614834123
-5.0763063, 5.0481744, 5.9292407, 1713614834150
-6.0890536, 4.554969, 6.135142, 1713614834178
-6.809708, 4.1335893, 6.1112, 1713614834183
-6.9198413, 3.8055837, 5.922058, 1713614834209
-6.9198413, 3.6260185, 5.7808, 1713614834235
-6.8288617, 3.393781, 5.816713, 1713614834261
-6.7522473, 3.192668, 5.866991, 1713614834267
-6.8504095, 3.0346506, 5.99149, 1713614834292
-7.04434, 2.7114334, 6.4607534, 1713614834318
-6.8144965, 2.2589293, 7.035362, 1713614834344
-6.4481835, 2.1296425, 7.4806833, 1713614834345
-6.1369376, 1.9883845, 7.751228, 1713614834371
-6.019622, 1.5981296, 8.153454, 1713614834396
-5.835268, 1.3251907, 8.469488, 1713614834421
-5.298967, 1.2246342, 8.277952, 1713614834423
-4.9158945, 1.0881647, 8.237251, 1713614834447
-5.0906715, 0.79846627, 8.522161, 1713614834475
-5.3037553, 0.52073884, 8.86932, 1713614834505
-5.0284224, 0.47764325, 8.416816, 1713614834508
-4.6142254, 0.45609543, 8.146272, 1713614834531
-3.9917328, 0.47764325, 7.9786773, 1713614834555
-3.496133, 0.2621651, 7.8829093, 1713614834580
-3.4386723, 0.10414778, 9.010578, 1713614834605
-3.3931823, -0.094570965, 9.836577, 1713614834609
-3.3476925, -0.5638345, 9.056067, 1713614834635
-3.7355533, -0.82480246, 8.445546, 1713614834663
-4.2838254, -1.1192893, 8.268375, 1713614834667
-5.006874, -1.3108255, 8.907627, 1713614834690
-5.4091, -1.7130513, 9.187749, 1713614834715
-5.940613, -2.2230163, 9.2787285, 1713614834741
-6.4721255, -2.3451207, 9.697714, 1713614834767
-6.666056, -2.1511903, 10.320207, 1713614834770
-6.63972, -2.110489, 10.633847, 1713614834793
-6.570288, -2.3594859, 10.653001, 1713614834821
-6.275801, -2.5270798, 10.217256, 1713614834847
-5.773019, -2.4624364, 9.269152, 1713614834851
-5.456984, -1.8064252, 8.48146, 1713614834877
-5.3636103, -1.0474633, 7.6746135, 1713614834902
-5.382764, -0.50876784, 7.4950485, 1713614834906
-5.3779755, 0.11133038, 8.22528, 1713614834931
-5.0308166, 0.34117374, 8.65863, 1713614834957
-4.6621094, 0.7577648, 8.862138, 1713614834982
-4.231153, 1.2677298, 8.754398, 1713614834986
-3.603872, 1.5981296, 8.500613, 1713614835011
-2.8808231, 2.0266917, 8.428787, 1713614835034
-2.2176294, 2.31639, 8.811859, 1713614835059
-2.0811598, 2.682703, 9.166202, 1713614835085
-2.0763714, 2.8766334, 9.252393, 1713614835088
-2.5791538, 2.9604304, 9.671378, 1713614835113
-2.5288756, 2.9317, 10.109517, 1713614835135
-1.8656816, 3.3147724, 10.20289, 1713614835160
-1.6525977, 3.5996823, 9.510966, 1713614835185
-1.0516531, 3.8486793, 8.716091, 1713614835187
-0.012569559, 4.308366, 7.928399, 1713614835210
1.4000094, 4.8901567, 7.171831, 1713614835235
2.441487, 5.2995653, 5.8238955, 1713614835264
3.2148144, 5.7544637, 3.8965633, 1713614835267
4.7399206, 6.1088057, 2.4648306, 1713614835290
5.4486046, 6.745663, 1.6316484, 1713614835311
5.510854, 7.478289, 0.94930094, 1713614835337
5.8149176, 7.6051817, 1.555034, 1713614835362
5.9705405, 7.6003933, 2.6850972, 1713614835392
5.9681463, 7.49026, 3.3865983, 1713614835398
5.6497173, 7.4112515, 3.4680011, 1713614835425
5.391144, 7.4806833, 3.1615434, 1713614835429
5.1038394, 7.4447703, 2.9221232, 1713614835452
5.2259436, 7.4375877, 2.9412768, 1713614835479
5.781399, 7.5549035, 3.0490158, 1713614835504
5.9873, 7.8446016, 2.9819782, 1713614835509
6.1644707, 8.189367, 3.2716765, 1713614835530
5.7646394, 8.158242, 3.618836, 1713614835552
4.919486, 8.275558, 3.6643257, 1713614835576
4.359243, 8.313866, 3.5685577, 1713614835597
4.2036195, 8.182184, 3.393781, 1713614835618
4.0815153, 8.139089, 3.192668, 1713614835641
4.076727, 8.031349, 3.3028011, 1713614835663
3.9953241, 8.091205, 3.4751837, 1713614835687
3.9234982, 8.1558485, 3.549404, 1713614835689
3.9258924, 8.232463, 3.5972881, 1713614835711
3.7989995, 8.309077, 3.4943373, 1713614835735
3.6098576, 8.285135, 3.3506854, 1713614835755
3.5380316, 8.304289, 3.3842041, 1713614835775
3.7008374, 8.433576, 3.50152, 1713614835797
3.851672, 8.534132, 3.4320881, 1713614835821
3.9067385, 8.522161, 3.3315318, 1713614835843
3.8564603, 8.5700445, 3.3650506, 1713614835863
3.731962, 8.622718, 3.3626564, 1713614835886
3.4925418, 8.625112, 3.2381577, 1713614835909
2.9897594, 8.567651, 3.1735144, 1713614835910
2.5731683, 8.572439, 3.300407, 1713614835931
2.11827, 8.498219, 3.4201171, 1713614835952
1.6537948, 8.476671, 3.5853171, 1713614835973
1.2898762, 8.400057, 3.657143, 1713614835994
0.74639237, 8.330625, 3.774459, 1713614836017
0.28909984, 8.263587, 3.8127663, 1713614836039
0.02813187, 8.098388, 3.918111, 1713614836061
0.032920275, 7.904457, 4.0785227, 1713614836085
-0.3357868, 7.727286, 4.4304705, 1713614836109
-0.85293436, 7.487866, 4.8255134, 1713614836110
-1.3628993, 7.2508397, 4.997896, 1713614836131
-1.8848352, 6.862979, 5.0242324, 1713614836152
-2.059612, 6.554127, 5.1942205, 1713614836174
-2.3133974, 6.3099184, 5.8119245, 1713614836194
-2.6725276, 6.0824695, 6.657078, 1713614836217
-2.8209682, 5.7975593, 7.061698, 1713614836238
-2.8018146, 5.424064, 7.1790137, 1713614836258
-3.259107, 5.2157683, 7.4112515, 1713614836278
-3.7163997, 4.9787426, 7.3059063, 1713614836300
-3.7786489, 4.748899, 6.7959414, 1713614836320
-3.6206315, 4.5262384, 6.4104753, 1713614836342
-4.317344, 4.107253, 6.518214, 1713614836363
-5.5790887, 3.417723, 6.968324, 1713614836384
-6.199187, 2.8526914, 7.669825, 1713614836406
-6.1704564, 2.4887726, 8.277952, 1713614836431
-6.0507464, 2.2062569, 8.608353, 1713614836434
-6.491279, 1.9668367, 8.84059, 1713614836456
-7.0227923, 1.7130513, 9.103952, 1713614836478
-7.149685, 1.3563153, 9.309854, 1713614836500
-7.1664443, 1.0259154, 9.326612, 1713614836521
-7.0036387, 0.8583213, 9.360131, 1713614836542
-6.7211227, 0.985214, 9.324219, 1713614836561
-6.1465144, 1.0690111, 9.2547865, 1713614836582
-5.5120506, 1.2174516, 9.137471, 1713614836602
-5.1385555, 1.4496891, 9.024943, 1713614836623
-4.980538, 1.5933412, 8.957906, 1713614836642
-4.609437, 1.7130513, 9.029732, 1713614836664
-4.4394484, 1.9428947, 9.001001, 1713614836686
-4.329315, 2.0961237, 8.759187, 1713614836709
-4.14975, 2.2349873, 8.438364, 1713614836733
-3.9366663, 2.385822, 8.2995, 1713614836736
-3.8265328, 2.48159, 8.483853, 1713614836759
-3.8552632, 2.565387, 8.574833, 1713614836785
-3.8552632, 2.5941176, 8.593987, 1713614836811
-3.8863878, 2.6300306, 8.689755, 1713614836815
-3.9558198, 2.6994624, 8.768764, 1713614836842
-3.9270895, 2.7162218, 8.854955, 1713614836866
-3.8313212, 2.6898856, 8.974665, 1713614836890
-3.8001966, 2.8215668, 9.355343, 1713614836911
-3.7259765, 2.979584, 9.793482, 1713614836914
-3.5631707, 2.9317, 9.865308, 1713614836938
-3.3117795, 3.1974564, 9.987412, 1713614836962
-3.031658, 3.2333694, 10.02572, 1713614836985
-3.093907, 3.357868, 9.834184, 1713614837007
-2.8568811, 3.6260185, 9.652225, 1713614837030
-2.8616695, 3.8726213, 9.683349, 1713614837052
-2.3421278, 3.74094, 9.578004, 1713614837055
-1.7363948, 4.0306387, 9.065644, 1713614837079
-1.264737, 4.667496, 8.598776, 1713614837102
-0.87448215, 4.9045224, 8.328231, 1713614837129
-0.64703304, 4.7680526, 8.36175, 1713614837152
-0.65421563, 4.748899, 8.095993, 1713614837156
-5.985504E-4, 5.2157683, 6.862979, 1713614837177
0.9068039, 6.197391, 5.4049106, 1713614837200
2.178125, 6.5684924, 4.248511, 1713614837231
3.2794578, 6.613982, 3.4608185, 1713614837237
3.389591, 7.1861963, 2.8766334, 1713614837262
3.1812954, 8.028955, 2.2062569, 1713614837284
3.4757824, 8.189367, 1.7633295, 1713614837304
3.9282866, 8.311471, 1.3060371, 1713614837323
3.8109705, 7.9188223, 0.9780314, 1713614837343
3.803788, 7.5525093, 0.39624038, 1713614837361
4.2419267, 7.7727757, -0.45609543, 1713614837382
4.4286747, 8.036138, -1.0761937, 1713614837402
4.672883, 7.741651, -1.5263035, 1713614837422
5.486912, 8.021772, -1.5526398, 1713614837442
6.6744356, 8.325836, -1.4449008, 1713614837459
7.7207017, 8.342596, -1.8375498, 1713614837478
8.130111, 8.268375, -2.8694508, 1713614837497
8.474875, 8.280347, -3.8271315, 1713614837517
8.197148, 8.60117, -4.1814733, 1713614837537
7.7877398, 8.651448, -3.822343, 1713614837558
7.933786, 8.900445, -2.9891608, 1713614837577
8.041525, 8.761581, -2.3690627, 1713614837598
7.7757688, 8.565256, -2.4025815, 1713614837618
7.3472066, 8.095993, -2.7832594, 1713614837637
6.4206505, 7.6746135, -3.441665, 1713614837657
5.242703, 7.583634, -3.843891, 1713614837682
4.4047327, 7.6171527, -3.6595373, 1713614837704
3.4997244, 7.799112, -3.0178912, 1713614837727
2.40318, 7.763199, -2.5079262, 1713614837750
1.1366472, 7.1861963, -2.421735, 1713614837770
0.40402153, 6.70975, -2.7377696, 1713614837792
0.107140526, 6.3889275, -2.4791958, 1713614837810
0.2100912, 5.2181625, -0.9876082, 1713614837830
-0.39564183, 3.417723, 0.82001406, 1713614837850
-1.3245921, 2.0147207, 2.610877, 1713614837869
-1.9231426, 0.60214174, 3.965995, 1713614837891
-1.9015948, -1.0522517, 5.931635, 1713614837909
-1.4227544, -2.055422, 8.919599, 1713614837928
-1.9973627, -2.529474, 11.014524, 1713614837949
-2.509722, -2.5773582, 12.391191, 1713614837968
-1.8992004, -2.754529, 12.460623, 1713614837989
-0.95588505, -3.3411086, 12.539632, 1713614838010
-0.52253455, -4.38498, 11.816583, 1713614838031
-0.98222125, -4.9883194, 12.984953, 1713614838051
-0.4794389, -4.7919946, 15.046361, 1713614838071
0.40162733, -4.6004586, 16.312893, 1713614838092
0.9307459, -4.7680526, 17.361553, 1713614838111
0.7870938, -4.8757915, 18.556261, 1713614838131
0.3657143, -5.3402667, 18.67597, 1713614838151
0.22685061, -6.2380924, 17.093403, 1713614838172
-0.3764882, -5.519832, 15.453375, 1713614838194
-0.40761283, -4.7297454, 13.935451, 1713614838214
0.17178397, -3.8989575, 13.6649065, 1713614838235
0.42078096, -3.3123782, 13.492524, 1713614838255
0.5907693, -2.8455088, 13.334506, 1713614838274
0.83497787, -2.2301989, 12.398374, 1713614838293
1.1701661, -1.1647792, 11.514913, 1713614838315
1.2802993, -0.5590461, 10.813412, 1713614838336
1.1869255, -0.22146365, 9.307459, 1713614838353
0.40641573, 0.6739678, 7.777564, 1713614838377
-0.42437226, 1.7705121, 6.9252286, 1713614838395
-0.7811083, 2.823961, 6.896498, 1713614838413
-0.670975, 3.515885, 6.432023, 1713614838435
-0.3309984, 4.1623197, 5.1607018, 1713614838455
-1.1378443, 4.6100354, 4.238934, 1713614838475
-1.846528, 4.950012, 3.4991257, 1713614838495
-0.8170213, 5.5246205, 2.4025815, 1713614838515
-0.02932897, 5.6586957, 2.5318682, 1713614838536
0.55964464, 5.9364233, 2.4480712, 1713614838556
1.2587515, 6.113594, 1.9213469, 1713614838561
0.9020155, 6.35062, 0.18794483, 1713614838582
1.2132617, 6.908469, -2.4863784, 1713614838612
1.3928268, 7.231686, -4.4304705, 1713614838634
1.5412674, 7.2628107, -5.840655, 1713614838652
1.797447, 7.1071877, -6.0968347, 1713614838677
2.0392613, 7.253234, -5.4887075, 1713614838695
2.7527335, 7.231686, -4.770447, 1713614838714
4.0240545, 7.3992805, -4.6339774, 1713614838733
5.8029466, 7.5692687, -5.6539073, 1713614838753
7.0766616, 7.787141, -7.451953, 1713614838772
7.8954787, 7.6841903, -9.087193, 1713614838791
8.118139, 7.1766195, -10.004171, 1713614838810
7.6823945, 6.977901, -10.229227, 1713614838828
7.1987658, 6.671443, -10.095152, 1713614838848
6.901885, 6.645107, -9.920375, 1713614838868
6.293758, 6.35062, -10.155006, 1713614838887
5.5922565, 6.1159883, -10.487801, 1713614838905
5.230732, 5.9603653, -10.777499, 1713614838925
4.577115, 5.864597, -9.443929, 1713614838945
4.0096893, 5.6299653, -7.1383123, 1713614838964
3.6050692, 5.6706667, -5.8119245, 1713614838985
3.0711622, 5.4863133, -4.710592, 1713614839003
1.7471687, 4.346673, -4.361038, 1713614839024
-0.09636662, 2.8646624, -4.3035774, 1713614839043
-2.3014264, 1.2605472, -4.2054152, 1713614839064
-3.4889505, -0.6619968, -4.143166, 1713614839084
-2.7132292, -4.2054152, -2.0769699, 1713614839103
-1.0923545, -7.1981673, 1.9907787, 1713614839124
-0.4842273, -9.101558, 7.0832458, 1713614839150
0.11192893, -10.176555, 10.712855, 1713614839170
-0.5919664, -10.368091, 12.73835, 1713614839189
-1.951873, -9.566033, 13.1477585, 1713614839209
-3.1082723, -9.645041, 11.529279, 1713614839227
-0.7308301, -11.019313, 12.1398, 1713614839245
-0.350152, -10.193314, 18.12291, 1713614839265
-0.9175778, -10.655395, 22.039824, 1713614839285
-1.774702, -11.526884, 22.873007, 1713614839309
-1.6861166, -11.95784, 21.283257, 1713614839329
-1.4969746, -11.131841, 20.4812, 1713614839347
-0.8984242, -9.736021, 19.70069, 1713614839368
0.4878186, -9.252393, 17.998411, 1713614839388
1.6968905, -8.998607, 17.63928, 1713614839406
2.2307975, -9.015367, 17.062279, 1713614839426
2.429516, -8.730456, 17.409437, 1713614839451
2.1829133, -8.8645315, 16.69836, 1713614839484
1.7351977, -8.431181, 16.528372, 1713614839486
1.8237832, -8.89805, 14.399926, 1713614839506
1.5412674, -8.146272, 9.958682, 1713614839525
1.1773487, -5.7784057, 5.8693852, 1713614839552
0.6290765, -3.7361517, 4.095282, 1713614839572
0.4950012, -1.9333179, 3.3028011, 1713614839593
1.4718355, -0.14963761, 3.3602622, 1713614839612
1.3569138, 1.1623849, 3.6954503, 1713614839629
0.825401, 1.2246342, 2.871845, 1713614839646
0.6003461, 1.578976, 2.31639, 1713614839667
-0.20649989, 2.1176715, 0.7553706, 1713614839694
-0.5177461, 2.1057005, -1.2533646, 1713614839714
-0.05566519, 2.8095956, -2.2972364, 1713614839733
0.76315176, 2.9843724, -3.8989575, 1713614839750
1.5556326, 2.871845, -6.3003416, 1713614839769
3.4662056, 3.4368765, -9.321824, 1713614839787
5.336077, 4.143166, -12.8053875, 1713614839807
7.629722, 5.433641, -15.316905, 1713614839827
8.908226, 5.8598084, -15.927426, 1713614839850
9.370307, 6.0202203, -14.04319, 1713614839869
9.370307, 5.3498435, -12.831724, 1713614839887
9.487623, 5.1487308, -12.599486, 1713614839907
9.712678, 4.7441106, -12.28824, 1713614839927
9.183559, 4.2676644, -12.005724, 1713614839950
8.051102, 4.31076, -11.670536, 1713614839971
6.169259, 3.9851487, -11.414356, 1713614839990
4.5435963, 4.1144357, -11.464635, 1713614840010
3.0855274, 4.1814733, -11.282676, 1713614840028
2.2499511, 3.4272997, -8.874108, 1713614840048
2.1757307, 2.7760768, -5.9962783, 1713614840068
1.763928, 2.079364, -4.152743, 1713614840088
0.55725044, 0.8511387, -3.5206735, 1713614840108
-0.96306765, -1.7824832, -3.0921116, 1713614840129
-2.8880057, -4.3514614, -1.5095441, 1713614840148
-2.5791538, -6.293159, 1.2078748, 1713614840169
-0.17776948, -7.751228, 4.313154, 1713614840194
0.32022446, -9.685743, 7.016208, 1713614840215
-0.97503865, -11.567586, 9.039309, 1713614840233
-1.0708067, -14.009671, 11.241974, 1713614840250
-1.441908, -13.181277, 17.1772, 1713614840270
-4.506486, -10.181343, 22.901737, 1713614840289
-4.353257, -8.617929, 21.702242, 1713614840309
-0.7835025, -8.744822, 17.6321, 1713614840337
0.74878657, -8.969876, 18.489223, 1713614840358
-0.4866215, -9.707291, 23.306356, 1713614840379
-1.7004818, -9.953894, 27.534517, 1713614840396
-2.2415714, -9.42238, 28.590359, 1713614840413
-1.46585, -9.218874, 24.244883, 1713614840432
0.12389994, -8.890868, 18.338388, 1713614840451
1.3090298, -8.438364, 15.089457, 1713614840470
1.572392, -7.6291237, 14.821305, 1713614840500
1.9985598, -7.0545154, 15.0583315, 1713614840517
2.40318, -6.4487824, 14.490906, 1713614840535
1.9602526, -5.9412117, 12.503718, 1713614840553
1.3162124, -5.273229, 8.263587, 1713614840570
0.8062474, -3.8295257, 4.31076, 1713614840593
0.14305355, -1.7705121, 2.4361002, 1713614840614
0.12150574, -0.44651863, 2.3427265, 1713614840632
0.84216046, 0.36750996, 2.6611552, 1713614840650
1.3257892, 1.3802572, 2.3523033, 1713614840670
1.1653777, 2.110489, 1.0187328, 1713614840692
0.75836337, 2.4552538, -0.2837129, 1713614840712
0.66259533, 2.5031378, -1.5263035, 1713614840731
0.65780693, 2.4672248, -3.1280246, 1713614840751
1.6274586, 2.7856536, -4.8279076, 1713614840771
2.879626, 3.8007953, -6.6403184, 1713614840794
4.2131963, 4.894945, -9.498995, 1713614840815
5.173271, 5.946, -12.862848, 1713614840834
6.8492126, 5.6946087, -16.260221, 1713614840852
7.533954, 6.171055, -17.907433, 1713614840872
8.008006, 6.3362546, -16.59541, 1713614840892
8.508394, 6.089652, -13.92348, 1713614840913
8.613739, 5.4791307, -11.768699, 1713614840932
8.022371, 5.033809, -10.471041, 1713614840952
7.402273, 5.1463366, -9.860519, 1713614840979
6.700772, 4.9548006, -9.601946, 1713614841001
4.742315, 4.4304705, -9.676167, 1713614841016
3.6433764, 4.045004, -9.051279, 1713614841033
2.5659857, 3.8414967, -7.6147585, 1713614841052
1.6154876, 3.0681696, -5.397728, 1713614841075
0.40880993, 2.3187842, -3.714604, 1713614841094
-1.2503718, 0.79367787, -3.2309752, 1713614841113
-2.914342, -1.8375498, -2.9580362, 1713614841134
-4.2981906, -5.4551888, -1.6412252, 1713614841153
-4.3700166, -7.916428, 2.0913353, 1713614841173
-2.3277626, -9.051279, 6.767211, 1713614841194
-0.39324763, -9.434352, 9.657013, 1713614841215
0.85413146, -10.945093, 11.486182, 1713614841233
0.44711718, -11.347319, 16.92102, 1713614841253
-1.6382325, -9.599552, 22.609644, 1713614841278
-2.1960814, -7.837419, 22.39656, 1713614841296
0.6266823, -6.7025676, 20.0263, 1713614841314
3.353678, -6.733692, 19.296068, 1713614841334
3.602675, -7.0186024, 21.668722, 1713614841354
1.8381484, -7.315483, 25.8897, 1713614841378
0.504578, -7.4088573, 26.76119, 1713614841399
0.011372458, -7.337031, 23.265656, 1713614841416
0.84455466, -7.2747817, 19.286491, 1713614841435
1.2659341, -6.975507, 16.944963, 1713614841455
1.0217255, -6.6307416, 16.358383, 1713614841476
1.2036849, -6.657078, 15.5754795, 1713614841495
1.9818004, -6.3242836, 13.722367, 1713614841514
2.0512323, -5.4144874, 12.087128, 1713614841535
0.9283517, -4.9428296, 9.96347, 1713614841554
0.16938977, -4.284424, 7.1622543, 1713614841576
-0.20171149, -3.1112652, 5.5246205, 1713614841596
0.073621705, -2.2182279, 3.9707835, 1713614841620
0.09995792, -1.377863, 1.804031, 1713614841638
0.4830302, -0.41060558, -0.06584055, 1713614841655
1.2467805, 0.7769185, -0.6667852, 1713614841679
1.7926586, 1.6124948, -2.3834279, 1713614841698
2.4079683, 2.3786395, -5.1439424, 1713614841715
2.9801826, 3.0705638, -8.524555, 1713614841735
3.4159272, 3.7217865, -10.559627, 1713614841755
4.1772833, 4.4328647, -11.486182, 1713614841779
5.6904187, 5.639542, -12.276269, 1713614841797
7.838018, 6.4416, -14.100651, 1713614841816
8.704719, 6.2045736, -16.406267, 1713614841836
8.932168, 5.7281275, -17.055096, 1713614841856
8.709507, 5.4791307, -14.541184, 1713614841876
8.031948, 5.088876, -11.677719, 1713614841896
7.244256, 5.112818, -10.360908, 1713614841916
6.727108, 5.3594203, -10.262746, 1713614841936
6.121375, 4.945224, -10.29387, 1713614841963
3.803788, 3.7002387, -11.2371855, 1713614841981
2.3385365, 3.1184478, -10.710462, 1713614841997
1.8549078, 2.0817583, -7.7967176, 1713614842016
1.050456, 0.34117374, -5.3618145, 1713614842037
-0.53211135, -1.1240777, -3.3961751, 1713614842060
-1.822586, -3.0298622, -2.088941, 1713614842079
-2.710835, -6.6403184, -1.1959038, 1713614842098
-2.8496985, -9.937134, 1.6196774, 1713614842117
-1.5161282, -11.060015, 6.692991, 1713614842137
-0.6206968, -11.833342, 11.038467, 1713614842160
-1.0564415, -12.338518, 13.277045, 1713614842179
-0.35254622, -11.771092, 19.032707, 1713614842197
-2.3469162, -8.455123, 26.545712, 1713614842218
-2.8377275, -6.587646, 25.884912, 1713614842238
-0.83856916, -7.157466, 20.794838, 1713614842258
0.45669398, -7.0449386, 18.204313, 1713614842278
0.7392098, -6.477513, 19.408596, 1713614842298
0.3705027, -6.6522894, 22.200235, 1713614842318
-0.7811083, -6.527791, 24.699781, 1713614842338
-1.1953052, -6.353014, 25.013422, 1713614842361
-0.3309984, -6.613982, 21.74055, 1713614842378
0.5859809, -6.7983356, 17.909826, 1713614842398
1.3138182, -6.551733, 15.84363, 1713614842420
1.9027919, -6.0106435, 14.792575, 1713614842438
1.6394296, -5.342661, 13.727156, 1713614842461
1.5652094, -4.653131, 10.897209, 1713614842478
1.8668787, -3.6475663, 7.4926543, 1713614842498
1.2779051, -2.3786395, 5.5725045, 1713614842519
0.3441665, -1.4137762, 4.2102036, 1713614842539
0.22685061, -0.47524905, 2.6156654, 1713614842560
0.9331401, 0.6404489, 1.3515269, 1713614842579
1.0552444, 1.0163386, 1.1599907, 1713614842599
0.97862995, 1.1312603, 0.93493575, 1713614842619
1.5939398, 1.7561469, -0.34596214, 1713614842640
1.9913772, 2.0697873, -1.1408371, 1713614842660
1.893215, 1.8495208, -2.2828712, 1713614842679
2.259528, 2.1775265, -3.9348705, 1713614842699
2.9179332, 3.0322564, -6.4248405, 1713614842720
3.4183214, 4.31076, -10.155006, 1713614842739
4.280234, 5.112818, -14.689625, 1713614842760
6.3153057, 4.473566, -17.65604, 1713614842780
6.830059, 5.380968, -19.12608, 1713614842800
7.8547773, 4.983531, -18.115726, 1713614842822
8.031948, 4.7896004, -15.21156, 1713614842841
8.268974, 4.8159366, -11.893197, 1713614842860
7.8930845, 4.6818614, -10.518925, 1713614842880
7.000047, 4.847061, -10.236409, 1713614842904
6.3703723, 4.56694, -10.178948, 1713614842923
4.9218802, 5.0721164, -10.059238, 1713614842940
3.9761705, 5.4168816, -8.833407, 1713614842960
3.2315738, 5.756858, -7.1383123, 1713614842981
2.7551277, 6.0106435, -5.3019595, 1713614843003
2.355296, 5.153519, -3.9372647, 1713614843021
1.4502877, 3.693056, -2.5510218, 1713614843045
-0.11791443, 2.0530279, -0.688333, 1713614843066
-1.6765398, 1.5933412, 1.6867151, 1713614843082
-2.2894554, 1.3395559, 3.7936125, 1713614843101
-2.0189106, 0.961272, 4.923676, 1713614843122
-0.38606504, -0.47764325, 5.4288526, 1713614843146
0.6290765, -1.4736311, 7.739257, 1713614843165
-0.919972, -1.6364368, 9.024943, 1713614843182
-2.344522, -1.6843209, 8.756793, 1713614843203
-2.9741971, -1.1719618, 6.4104753, 1713614843221
-1.6717514, -3.4249055, 3.9324763, 1713614843245
-1.6262615, -7.475895, 5.9747305, 1713614843262
-2.7395654, -9.065644, 11.651382, 1713614843282
-2.4498668, -8.534132, 15.3049345, 1713614843304
-1.049259, -8.158242, 14.529213, 1713614843323
-0.29508537, -9.664195, 13.260286, 1713614843342
-2.1098902, -9.850943, 16.231491, 1713614843364
-2.5647886, -9.683349, 17.43338, 1713614843382
-2.4355016, -9.96347, 15.8556, 1713614843402
-1.3365631, -9.532514, 13.4661875, 1713614843423
0.7727286, -8.91481, 15.494077, 1713614843445
0.96426475, -7.406463, 6.353014, 1713614843463
-1.0444705, -6.75524, 9.223662, 1713614843483
-2.4594438, -6.5948286, 13.18846, 1713614843504
-2.1649568, -6.721721, 15.264233, 1713614843523
-0.8050503, -7.2005615, 16.861166, 1713614843547
1.2611457, -7.6051817, 16.695965, 1713614843565
3.5835214, -8.285135, 13.942634, 1713614843583
3.5811272, -8.301894, 12.192472, 1713614843604
1.6394296, -6.9132576, 12.927492, 1713614843623
-0.18016368, -5.5270147, 13.454216, 1713614843645
-0.29029694, -4.4807487, 12.00333, 1713614843664
1.7591397, -3.9348705, 7.5668745, 1713614843691
3.2962172, -2.4504654, 3.120842, 1713614843709
3.1429882, 0.48961425, 2.2110453, 1713614843724
1.335366, 3.1663318, 5.043386, 1713614843744
-0.017357962, 2.8455088, 6.92044, 1713614843764
-0.7978677, 2.7832594, 6.489484, 1713614843794
-0.5919664, 3.3411086, 4.9284644, 1713614843815
-0.52971715, 3.7217865, 3.5781345, 1713614843829
-0.1921347, 4.4017396, 2.9484594, 1713614843845
-0.24480712, 5.115212, 1.9428947, 1713614843864
0.0712275, 5.424064, 2.0290859, 1713614843887
0.8972271, 5.723339, 2.3666685, 1713614843905
2.508525, 5.828684, 2.3762453, 1713614843925
3.602675, 6.278794, 1.7944542, 1713614843945
4.694431, 6.6307416, 0.7745243, 1713614843965
6.365584, 6.882133, 0.008379706, 1713614843990
7.852383, 7.277176, 0.12090719, 1713614844006
8.510789, 7.9906483, -0.47046062, 1713614844025
9.722255, 8.148665, -1.5717934, 1713614844046
10.790069, 8.285135, -2.730587, 1713614844066
11.422138, 8.002619, -4.787206, 1713614844088
11.386225, 7.4256167, -7.023391, 1713614844105
9.935339, 7.2987237, -9.003395, 1713614844126
8.405443, 6.5804634, -9.532514, 1713614844146
8.209119, 5.7017913, -7.571663, 1713614844166
9.442133, 4.9763484, -5.783194, 1713614844187
10.12448, 3.0945058, -4.1240125, 1713614844206
6.238691, 0.78170687, -3.8893807, 1713614844230
1.2443863, 0.46567222, -3.0418332, 1713614844248
0.30585927, -1.6436194, -2.3307555, 1713614844266
-0.0077811554, -2.1392193, -0.9540894, 1713614844287
-0.2208651, -2.2517467, 0.62129533, 1713614844307
-4.1066546, 4.9883194, 16.844406, 1713614844328
-12.268488, 28.81302, 23.509863, 1713614844348
-28.520329, 15.046361, 29.864075, 1713614844366
-33.56491, 3.3482912, 2.208651, 1713614844390
-31.793203, 7.454347, -8.747216, 1713614844411
-11.006743, 2.2301989, 12.115858, 1713614844433
5.5659204, -0.8367735, 6.465542, 1713614844448
7.462128, 4.2556934, -8.981848, 1713614844468
3.8804023, 5.639542, -21.745337, 1713614844489
1.5532384, 9.242816, -22.391771, 1713614844509
2.783858, 7.4735007, -23.998281, 1713614844527
1.2850877, 8.48146, -11.632229, 1713614844547
2.8245595, 8.153454, 8.112753, 1713614844569
2.5731683, 6.209362, 9.424775, 1713614844589
-0.7667431, 3.4632127, 6.35062, 1713614844609
-2.8233624, 3.9683893, 11.878832, 1713614844630
-2.5145104, 5.237316, 16.889896, 1713614844648
-2.0572178, 5.400122, 14.885949, 1713614844668
-1.4490906, 4.542998, 11.46224, 1713614844688
-1.1665748, 3.867833, 9.491813, 1713614844708
-1.1833342, 3.228581, 10.150218, 1713614844731
-0.66139823, 2.505532, 11.546038, 1713614844751
-1.3269863, 1.7106571, 11.6442, 1713614844769
-2.3876176, 1.6915035, 11.596316, 1713614844788
-2.3612814, 1.6938977, 11.471817, 1713614844809
-1.7794905, 1.2964603, 10.277111, 1713614844829
-2.2319946, 0.7026982, 9.386468, 1713614844849
-2.6940753, 0.46806642, 8.752005, 1713614844869
-2.6916811, 0.58298814, 8.656237, 1713614844889
-2.4570496, 0.59974754, 8.620323, 1713614844910
-1.9877859, 0.6715736, 8.491036, 1713614844930
-1.3652935, 0.5446809, 8.210915, 1713614844949
-0.43394905, 0.075417355, 8.215703, 1713614844971
0.30346507, -0.33159694, 8.285135, 1713614844991
1.335366, -0.45609543, 8.313866, 1713614845013
2.5683799, -0.14724341, 8.7951, 1713614845032
2.8221653, 0.4225766, 9.898827, 1713614845050
2.3122003, 0.80804306, 10.906786, 1713614845070
1.6729485, 1.0019734, 11.139024, 1713614845089
1.7232267, 1.7513585, 9.54209, 1713614845110
1.7184383, 2.5270798, 8.507795, 1713614845130
1.4335283, 1.4616601, 9.872491, 1713614845150
1.4981717, 0.40342298, 9.415198, 1713614845170
1.8860323, 0.59256494, 10.011354, 1713614845190
2.4797945, 0.5494693, 11.323377, 1713614845215
3.1741128, -0.5781997, 12.12304, 1713614845235
3.6984432, -0.8583213, 12.922704, 1713614845251
2.9083564, -0.33877954, 13.849259, 1713614845272
1.2324153, -0.1352724, 14.909891, 1713614845293
0.52852005, -0.41299978, 14.620193, 1713614845313
2.0129251, -0.11372458, 12.235568, 1713614845337
3.0496144, 1.2413936, 10.437522, 1713614845354
2.3983915, 2.2780828, 9.27394, 1713614845371
1.8381484, 2.304419, 8.455123, 1713614845391
2.2164323, 2.5127146, 8.718486, 1713614845413
2.3840263, 3.2549171, 8.756793, 1713614845431
1.2108675, 4.0785227, 7.9834657, 1713614845451
-0.3238158, 4.2197804, 7.418434, 1713614845475
-1.049259, 3.4919431, 6.7863646, 1713614845492
-1.6262615, 4.653131, 5.052963, 1713614845512
-1.5640123, 5.6778493, 5.1223946, 1713614845532
-1.2575544, 5.1607018, 5.448006, 1713614845555
-1.1067197, 5.033809, 5.333084, 1713614845572
-1.4921862, 5.8741736, 5.088876, 1713614845592
-2.1505916, 6.2524576, 5.021838, 1713614845613
-2.497751, 7.5692687, 5.175067, 1713614845632
-0.4961983, 8.201338, 6.053739, 1713614845652
1.1821371, 8.687361, 4.3514614, 1713614845672
0.9427169, 8.110358, 5.0362034, 1713614845692
0.109534726, 6.7480574, 2.5127146, 1713614845712
-1.4514848, 7.219715, 2.8670566, 1713614845733
-2.545635, 8.026561, 2.6300306, 1713614845755
-3.2854433, 7.7679873, 2.7449522, 1713614845773
-4.0156746, 6.7983356, 3.6044707, 1713614845792
-4.3341036, 6.3601966, 4.569334, 1713614845813
-3.5488055, 6.0944405, 6.1686606, 1713614845833
-2.3349452, 6.271611, 6.575675, 1713614845856
-3.4530375, 6.1926026, 5.8741736, 1713614845874
-4.8225207, 6.266823, 6.8318543, 1713614845893
-5.7682304, 6.0321913, 7.8517847, 1713614845915
-6.120178, 5.651513, 9.063251, 1713614845933
-6.570288, 5.6946087, 8.376115, 1713614845953
-6.239888, 5.795165, 7.241263, 1713614845974
-4.4538136, 5.3354783, 5.2852, 1713614845994
-3.1944637, 4.4448357, 4.471172, 1713614846014
-2.6868927, 2.9508536, 4.5166616, 1713614846034
-1.7890673, 1.1599907, 7.595605, 1713614846056
-0.85054016, 0.2717419, 5.469554, 1713614846074
0.43993455, -1.567005, 4.461595, 1713614846094
1.7567455, -3.2956185, 5.9986725, 1713614846114
1.7543513, -4.5980644, 12.522872, 1713614846135
-1.7962499, -5.7760115, 6.0441623, 1713614846157
0.078410104, -7.8613615, 8.189367, 1713614846175
2.4271219, -8.423999, 12.575544, 1713614846194
3.933075, -9.099164, 14.390349, 1713614846214
6.4421983, -10.040085, 16.080656, 1713614846235
6.0782795, -9.221268, 16.662447, 1713614846258
0.56443304, -8.146272, 11.455058, 1713614846277
-0.97025025, -7.952341, 9.228451, 1713614846295
0.98581254, -7.2101383, 12.118252, 1713614846315
2.9131448, -6.467936, 15.817293, 1713614846335
3.0280666, -6.362591, 17.61534, 1713614846355
1.751957, -7.109582, 16.329653, 1713614846375
-0.61112, -7.6243353, 13.037625, 1713614846400
-2.03567, -7.0832458, 11.088745, 1713614846417
-1.8872294, -6.039374, 11.337742, 1713614846436
0.18854338, -5.519832, 13.15973, 1713614846459
2.3529017, -5.3713913, 11.026496, 1713614846477
2.5157075, -3.4201171, 7.9427643, 1713614846497
0.8062474, -1.389834, 6.896498, 1713614846516
0.28670564, 0.037110128, 6.293159, 1713614846536
-1.0444705, 1.0043676, 6.003461, 1713614846559
-2.77069, 1.5023615, 7.6027875, 1713614846576
-3.1441853, 1.7705121, 8.25401, 1713614846596
-3.2040405, 2.3930047, 7.2125325, 1713614846617
-4.051588, 3.4464533, 5.1223946, 1713614846636
-4.4298716, 4.1718965, 1.9021933, 1713614846657
-4.693234, 4.5166616, -1.8136078, 1713614846676
-4.4155064, 4.8518496, -3.1423898, 1713614846698
-4.2503066, 5.115212, -3.1256304, 1713614846718
-4.6142254, 5.708974, -3.1902738, 1713614846739
-5.6485205, 6.5325794, -4.344279, 1713614846757
-5.701193, 6.518214, -5.6323595, 1713614846777
-5.4521956, 5.9507885, -6.6307416, 1713614846800
-5.2965727, 5.6323595, -7.2101383, 1713614846818
-5.3037553, 6.039374, -9.1829605, 1713614846837
-5.607819, 6.527791, -10.973824, 1713614846858
-5.7107697, 6.6403184, -11.668142, 1713614846878
-6.0172276, 7.20535, -11.842918, 1713614846899
-6.2207346, 7.2723875, -11.972205, 1713614846921
-5.9956794, 6.894104, -11.766304, 1713614846938
-5.844845, 5.9867015, -11.7543335, 1713614846958
-5.026028, 5.9244523, -11.172543, 1713614846978
-5.1265845, 5.6156, -9.1829605, 1713614846999
-5.703587, 5.747281, -7.6027875, 1713614847018
-5.4976854, 6.2045736, -6.3745623, 1713614847040
-4.7722425, 6.0824695, -4.703409, 1713614847058
-4.595072, 4.2916064, -2.823961, 1713614847078
-3.0005333, 1.1360487, -1.3347675, 1713614847098
-2.2296004, -0.15442601, 0.46806642, 1713614847118
-2.0380642, -1.2054806, 1.9428947, 1713614847139
-1.7818847, -3.3506854, 5.3522377, 1713614847159
-0.75237787, -3.822343, 8.194156, 1713614847181
1.3760674, -2.5031378, 9.42238, 1713614847199
2.8341362, -1.7178397, 7.5453267, 1713614847219
0.95229375, -7.727286, 5.8478374, 1713614847240
1.3090298, -9.297882, 9.271546, 1713614847259
1.8405426, -5.2444987, 11.687296, 1713614847279
0.64583594, -3.1160536, 10.33936, 1713614847299
-2.3876176, -5.579687, 5.8909335, 1713614847319
-3.9318779, -9.111135, 6.183026, 1713614847341
-0.65900403, -10.401609, 11.8022175, 1713614847360
2.393603, -9.470264, 14.474147, 1713614847385
1.8046296, -9.317036, 12.170924, 1713614847402
0.24361002, -11.34253, 11.931504, 1713614847420
0.9068039, -11.610682, 16.32247, 1713614847441
1.632247, -11.7543335, 20.29445, 1713614847460
0.46627077, -12.084733, 20.847511, 1713614847482
-0.66139823, -11.895591, 20.564995, 1713614847500
-1.5041572, -11.840525, 20.040665, 1713614847520
-2.1003134, -11.83813, 18.589779, 1713614847540
-2.4522612, -11.309011, 14.562732, 1713614847560
-1.4036007, -9.0081835, 11.150994, 1713614847582
1.09834, -7.0712748, 8.704121, 1713614847600
1.763928, -4.8494554, 6.063316, 1713614847621
1.7806876, -2.3092074, 4.2916064, 1713614847643
0.29628247, -0.23582886, 3.3123782, 1713614847661
-1.1474211, 1.7657237, 2.586935, 1713614847681
-1.3341689, 3.21661, 3.645172, 1713614847701
-0.98700964, 4.021062, 4.509479, 1713614847721
-0.0796072, 3.738546, 4.68665, 1713614847741
-1.7962499, 4.3299136, 5.007473, 1713614847762
-3.8313212, 5.01705, 5.2325277, 1713614847783
-3.900753, 5.4384294, 4.107253, 1713614847801
-3.8313212, 5.519832, 2.859874, 1713614847821
-3.5009215, 5.505467, 2.3187842, 1713614847843
-2.2439656, 6.283582, 1.3395559, 1713614847862
-2.2343888, 6.585252, -0.073023155, 1713614847882
-3.2064347, 6.999449, -1.1456255, 1713614847902
-2.9765913, 7.4687123, -2.2469583, 1713614847924
-4.3221326, 8.040926, -4.068946, 1713614847943
-5.617396, 7.8326306, -5.699397, 1713614847962
-6.055535, 8.328231, -7.1047935, 1713614847982
-5.8041434, 7.7703815, -8.498219, 1713614848002
-5.3300915, 8.476671, -7.928399, 1713614848024
-6.1225724, 8.4647, -4.7058034, 1713614848044
-6.3907228, 8.740033, -5.0840874, 1713614848066
-7.6811976, 7.7943234, -6.1303535, 1713614848083
-7.7506294, 8.057686, -6.625953, 1713614848103
-7.3460093, 8.450335, -5.33069, 1713614848125
-7.7147164, 8.292317, -4.080917, 1713614848143
-5.8400564, 8.404845, -3.8007953, 1713614848163
-4.896741, 8.591593, -4.1144357, 1713614848186
-5.2558713, 9.087193, -4.957195, 1713614848204
-6.541558, 9.149442, -3.7122097, 1713614848223
-5.571906, 9.314642, -2.5725696, 1713614848245
-4.010886, 9.343372, -6.0920463, 1713614848263
-3.2375593, 8.862138, -6.290765, 1713614848283
-2.557606, 8.06008, -5.1247888, 1713614848304
-2.7084408, 7.478289, -4.404134, 1713614848328
-4.291008, 6.740875, -2.385822, 1713614848346
-3.6900635, 5.3833623, -0.17118542, 1713614848364
-2.7563248, 4.083311, 0.78888947, 1713614848384
-1.4873978, 2.730587, 1.2270284, 1713614848404
-0.25438392, 0.9828198, 2.1033063, 1713614848424
-1.0875661, -0.8559271, 3.357868, 1713614848444
-1.4969746, -1.459266, 5.651513, 1713614848471
0.7751228, -0.48003745, 8.49343, 1713614848489
1.002572, -0.49919105, 11.52449, 1713614848504
2.0081367, -2.0841527, 10.849325, 1713614848526
0.14544775, -2.337938, 8.323442, 1713614848544
-0.46507367, -2.7497406, 6.6403184, 1713614848569
1.1797429, -2.8886044, 7.2340803, 1713614848589
1.6298528, -4.9787426, 7.8733325, 1713614848605
0.83497787, -6.68102, 7.837419, 1713614848625
0.8182184, -7.229292, 9.977836, 1713614848645
2.9059622, -7.825448, 12.273875, 1713614848666
5.563526, -9.671378, 15.522807, 1713614848685
4.5603557, -11.07438, 17.021578, 1713614848706
0.8996213, -11.198878, 16.291346, 1713614848728
0.054468088, -9.690532, 14.557943, 1713614848746
1.0265139, -7.076063, 15.67843, 1713614848766
0.6266823, -5.412093, 15.620969, 1713614848786
-0.86251116, -4.286818, 14.866796, 1713614848809
-1.4993688, -3.4201171, 15.285781, 1713614848826
-0.99179804, -2.7665, 14.945804, 1713614848846
-0.22565351, -1.3850456, 13.992912, 1713614848870
0.011372458, -0.8583213, 12.848483, 1713614848887
-0.35254622, -0.7386112, 12.996924, 1713614848906
2.2188265, 0.62608373, 6.39611, 1713614848927
2.132635, 2.6922798, 8.8645315, 1713614848946
1.9985598, 2.2756886, 11.10311, 1713614848966
0.23403321, 2.067393, 12.338518, 1713614848986
-1.1833342, 2.2349873, 12.745533, 1713614849011
-0.96306765, 2.2349873, 11.953052, 1713614849029
-1.5185224, 2.1296425, 11.397597, 1713614849047
-3.0220811, 1.6675615, 9.551667, 1713614849068
-3.7283707, 2.2158337, 7.466318, 1713614849087
-2.794632, 2.7617116, 5.424064, 1713614849109
-1.7723078, 2.9724014, 3.855862, 1713614849127
-0.9391256, 3.630807, 2.8048072, 1713614849147
-0.5967548, 4.1934443, 1.9213469, 1713614849170
-0.6733692, 4.2461166, 1.1360487, 1713614849188
-0.31663316, 4.373009, -0.11372458, 1713614849208
0.85413146, 5.064934, -1.8974048, 1713614849227
1.2731167, 5.7903767, -3.50152, 1713614849248
0.10235212, 6.659472, -5.2852, 1713614849268
0.10474633, 6.9371996, -6.671443, 1713614849288
1.4885949, 7.0305734, -7.2340803, 1713614849312
2.6138697, 8.036138, -8.340201, 1713614849329
2.9346926, 8.249222, -9.779117, 1713614849348
2.2667105, 7.8709383, -9.937134, 1713614849369
2.6593595, 7.8829093, -9.752781, 1713614849389
3.1597476, 8.277952, -9.996989, 1713614849410
2.843713, 8.342596, -11.203667, 1713614849429
1.905186, 8.095993, -11.660959, 1713614849449
0.789488, 7.327454, -10.155006, 1713614849469
0.12150574, 6.894104, -8.10557, 1713614849489
-0.18734628, 6.975507, -6.968324, 1713614849513
-0.6973112, 6.503849, -6.420052, 1713614849529
-0.05566519, 6.003461, -5.2564697, 1713614849549
0.08559271, 5.565322, -2.9053638, 1713614849569
-1.8513165, 4.832696, 0.9828198, 1713614849589
-1.6334441, 3.4009635, 3.2261868, 1713614849609
-1.4083891, 2.2158337, 5.2444987, 1713614849629
-0.65421563, 1.6843209, 6.075287, 1713614849651
-0.3333926, 1.7537527, 6.087258, 1713614849671
-0.093972415, 1.353921, 5.2421045, 1713614849689
0.3824737, 0.5614403, 6.1183825, 1713614849711
-1.204882, -0.6955156, 10.629059, 1713614849730
-2.1410148, -2.4744074, 10.916363, 1713614849750
-1.4395138, -2.7521348, 8.84059, 1713614849770
-1.0372878, -3.7241807, 8.541314, 1713614849790
-1.7244238, -3.120842, 10.032902, 1713614849811
-1.2791022, -3.6236243, 13.140576, 1713614849831
-1.1426327, -3.7313633, 16.296133, 1713614849851
0.5117606, -3.7696705, 16.638504, 1713614849871
2.6689363, -4.0066967, 15.360001, 1713614849894
2.0009542, -4.4999022, 14.919468, 1713614849911
0.7080852, -5.005079, 15.944186, 1713614849930
1.0241197, -5.0721164, 18.204313, 1713614849953
2.307412, -4.6698904, 18.84117, 1713614849971
2.8868086, -3.6715083, 18.584991, 1713614849992
2.7694929, -2.5318682, 17.210718, 1713614850011
4.0839095, -1.4041992, 17.725471, 1713614850031
4.3999443, -0.8702923, 18.264168, 1713614850053
3.3608606, -0.6380547, 16.808493, 1713614850071
3.7415388, -1.1432313, 15.350424, 1713614850094
2.8772318, -1.1360487, 15.79814, 1713614850112
2.1853075, -1.3706805, 14.277822, 1713614850132
1.620276, -1.9788077, 13.0519905, 1713614850152
2.0775685, -2.8215668, 10.830172, 1713614850172
1.0935516, -2.2732944, 6.513426, 1713614850194
-1.8034325, -0.3890578, 2.6372132, 1713614850212
-3.2399535, 2.4025815, 0.44891283, 1713614850232
-1.8297687, 3.9971197, -2.3331497, 1713614850254
-1.3820529, 4.344279, -1.2653356, 1713614850272
-1.8896236, 4.0043025, 0.9660604, 1713614850293
-3.709217, 2.8095956, -0.92535895, 1713614850312
-2.7874494, 3.8055837, -5.1583076, 1713614850333
-0.41718966, 4.322731, -9.7479925, 1713614850353
0.74878657, 5.4504004, -9.39365, 1713614850373
1.146224, 6.393716, -9.15423, 1713614850397
0.30585927, 6.685808, -10.19092, 1713614850414
-1.0372878, 6.247669, -10.930728, 1713614850433
-1.1019313, 5.993884, -10.248381, 1713614850453
-0.350152, 6.1112, -9.321824, 1713614850473
0.42078096, 6.6283474, -9.077616, 1713614850494
0.3345897, 7.0928226, -9.36492, 1713614850513
0.18614918, 7.1167645, -9.403227, 1713614850535
0.84455466, 7.2221093, -8.196549, 1713614850555
0.7703344, 7.5165963, -6.9012866, 1713614850573
0.17178397, 7.303512, -6.6666546, 1713614850596
-0.7116765, 6.657078, -6.530185, 1713614850614
-1.4562732, 5.2397103, -5.2540755, 1713614850634
-0.31902736, 3.9564183, -2.1631613, 1713614850654
0.97384155, 2.8526914, 1.6603789, 1713614850674
0.6410475, 0.89423436, 2.7090392, 1713614850694
-1.0229226, -1.7824832, 2.1057005, 1713614850714
-1.4945804, -4.909311, 3.0107086, 1713614850739
-0.53929394, -7.1383123, 5.103241, 1713614850755
0.65541273, -8.644265, 8.823831, 1713614850774
0.97862995, -9.056067, 13.882778, 1713614850795
0.018555064, -9.00579, 19.358318, 1713614850814
-0.12988544, -8.1319065, 22.559366, 1713614850837
0.84694886, -7.559692, 20.995953, 1713614850855
0.19812019, -6.649895, 16.806099, 1713614850876
-0.66139823, -6.2763996, 13.549985, 1713614850895
-0.8170213, -5.768829, 13.245921, 1713614850915
-0.24241292, -5.3354783, 14.979323, 1713614850938
0.44472298, -5.1439424, 17.842789, 1713614850957
1.3497312, -4.9524064, 20.25375, 1713614850976
2.0033484, -4.7297454, 19.849129, 1713614850995
1.8261774, -4.7560816, 18.101362, 1713614851016
2.0320787, -4.8374844, 16.683994, 1713614851036
2.082357, -3.9205053, 15.853207, 1713614851056
3.317765, -3.6978445, 17.19396, 1713614851084
3.3752258, -4.4807487, 18.063055, 1713614851099
2.783858, -5.3354783, 17.014395, 1713614851116
1.5269021, -6.0202203, 13.583504, 1713614851136
-1.0420763, -5.2995653, 7.949947, 1713614851156
-2.2224178, -2.5965118, 1.6316484, 1713614851177
-2.0667946, 0.8343793, -1.0905589, 1713614851196
-0.7308301, 2.6132712, -0.12090719, 1713614851216
-1.1881226, 3.0657754, 0.23822308, 1713614851236
-2.0452468, 2.7665, 0.16639702, 1713614851257
-3.019687, 1.9548657, -1.9644425, 1713614851276
-3.2615013, 2.007538, -6.3697734, 1713614851297
-1.0133458, 3.3889925, -9.858126, 1713614851317
2.0153193, 4.703409, -10.557233, 1713614851337
2.5851393, 5.397728, -10.916363, 1713614851357
2.4774003, 5.3737855, -12.221203, 1713614851379
1.7663223, 5.0984526, -13.195642, 1713614851397
0.23403321, 5.057751, -13.006501, 1713614851417
-0.65182143, 5.09127, -12.225991, 1713614851437
-0.7787141, 5.3163247, -11.656171, 1713614851458
-0.022146367, 5.6467247, -11.979388, 1713614851480
0.047285482, 5.6563015, -11.835736, 1713614851498
0.3776853, 5.7496753, -10.210073, 1713614851523
0.4902128, 6.041768, -9.412804, 1713614851540
-0.52253455, 6.1207767, -9.498995, 1713614851558
-0.8888474, 5.400122, -9.163807, 1713614851581
-0.7308301, 4.322731, -7.064092, 1713614851598
0.6697779, 2.7641058, -5.2397103, 1713614851618
1.4024036, 0.3842694, -2.2589293, 1713614851638
1.0480618, -2.1057005, -0.16879122, 1713614851658
0.047285482, -5.201403, 0.60453594, 1713614851681
-0.6206968, -8.471883, 3.1304188, 1713614851699
0.032920275, -10.7751045, 5.6898203, 1713614851718
0.02813187, -12.00333, 9.4774475, 1713614851739
0.11192893, -11.933898, 15.134946, 1713614851770
-0.5943606, -11.150994, 21.50113, 1713614851785
1.0384849, -10.41358, 22.990322, 1713614851799
2.1877017, -9.726444, 20.857088, 1713614851819
0.42796355, -8.737639, 18.084602, 1713614851839
-0.065242, -7.9786773, 17.081432, 1713614851859
0.26994625, -7.133524, 18.434156, 1713614851880
1.2635399, -5.7999535, 19.063831, 1713614851899
2.582745, -4.782418, 17.845182, 1713614851919
3.3752258, -4.19105, 17.744625, 1713614851939
3.626617, -4.1503487, 18.94891, 1713614851959
3.5739446, -4.461595, 19.99757, 1713614851980
4.0863037, -5.1367598, 20.100521, 1713614852000
5.077503, -5.4384294, 19.209877, 1713614852019
5.846042, -5.412093, 17.727867, 1713614852040
4.8261123, -5.8885393, 16.748638, 1713614852063
2.2906525, -6.7241154, 14.651318, 1713614852081
0.025737667, -6.733692, 11.502942, 1713614852100
-0.26156655, -5.6323595, 5.8382607, 1713614852121
1.4359225, -3.4272997, 0.18315643, 1713614852140
1.3808558, -1.1671734, -1.638831, 1713614852162
-0.6398504, -0.094570965, -1.5574282, 1713614852181
-1.9710265, -0.18315643, -2.7641058, 1713614852200
-1.6238673, -0.12090719, -4.1359835, 1713614852222
-2.6126726, 0.58777654, -5.8143187, 1713614852241
-3.364452, 2.1152773, -11.871649, 1713614852263
-2.4642322, 4.1982327, -15.163676, 1713614852282
-0.22565351, 4.406528, -12.027272, 1713614852301
1.0935516, 3.7720647, -10.643424, 1713614852321
1.1414356, 3.5206735, -13.29141, 1713614852341
0.47345337, 3.5901055, -15.810111, 1713614852363
-0.31184477, 3.5685577, -15.146917, 1713614852382
-0.14425065, 4.059369, -12.893973, 1713614852401
0.10235212, 5.04578, -12.455834, 1713614852423
0.7344214, 5.333084, -12.865243, 1713614852442
1.0265139, 5.261258, -12.1398, 1713614852462
0.97384155, 4.8135424, -10.236409, 1713614852482
0.15502456, 4.325125, -8.37372, 1713614852502
-0.23044191, 4.4639893, -6.6187706, 1713614852522
-0.46028528, 3.8750155, -6.4128695, 1713614852542
-0.16101007, 2.5246856, -6.283582, 1713614852562
1.7064673, -0.18794483, -3.7816415, 1713614852583
1.9722236, -2.9508536, -0.81283146, 1713614852606
1.3401544, -6.051345, 1.2892777, 1713614852623
0.97384155, -9.463082, 3.192668, 1713614852642
1.5197195, -12.374432, 7.94037, 1713614852668
0.23163901, -13.456611, 18.570625, 1713614852684
-0.2208651, -10.811018, 26.888083, 1713614852702
-0.12270284, -8.780735, 25.631126, 1713614852723
0.1933318, -8.172607, 19.609709, 1713614852743
0.65780693, -7.5070195, 14.77821, 1713614852764
1.2611457, -6.4846954, 14.220361, 1713614852783
1.050456, -5.7736173, 17.004818, 1713614852805
1.0265139, -4.9404354, 18.685547, 1713614852823
1.4957775, -4.140772, 18.072632, 1713614852843
2.211644, -3.891775, 17.05749, 1713614852865
3.0352492, -4.2580876, 17.521965, 1713614852884
3.3105824, -4.710592, 18.798075, 1713614852905
3.5835214, -5.5365915, 20.79005, 1713614852924
3.4925418, -6.0082493, 22.485146, 1713614852944
3.933075, -6.0944405, 19.987993, 1713614852964
4.359243, -5.6156, 15.944186, 1713614852984
4.8620253, -5.139154, 15.285781, 1713614853007
3.4398694, -5.9292407, 16.753426, 1713614853024
1.9722236, -7.8996687, 15.458163, 1713614853045
1.0336965, -8.467094, 8.206126, 1713614853064
-0.38367084, -6.3578024, 0.22864626, 1713614853085
-1.7220296, -3.1735144, -3.74094, 1713614853105
-1.8872294, -0.973243, -4.655525, 1713614853124
-2.0691888, 0.010773907, -4.4903255, 1713614853147
-1.2934675, 0.7410054, -4.9164934, 1713614853165
-0.8026561, 1.2653356, -5.6299653, 1713614853185
-1.4969746, 1.4808137, -8.095993, 1713614853205
-2.6964695, 2.3786395, -12.530055, 1713614853225
-3.0651767, 3.4799721, -15.561114, 1713614853246
-1.0301052, 3.5326445, -14.366407, 1713614853265
-0.19692309, 3.417723, -13.89475, 1713614853285
-1.3006501, 3.4584243, -15.819688, 1713614853307
-2.581548, 3.570952, -16.090233, 1713614853325
-2.7395654, 3.9372647, -14.0072775, 1713614853349
-1.453879, 4.3658266, -12.721591, 1713614853367
-0.18016368, 5.0385976, -12.712014, 1713614853386
0.05925649, 5.273229, -12.549209, 1713614853406
-0.635062, 4.9883194, -12.120646, 1713614853426
-1.2431892, 4.5238442, -11.306618, 1713614853447
0.090381116, 3.7576995, -9.762358, 1713614853466
0.7248446, 2.5701754, -7.6602483, 1713614853486
1.0552444, 0.51116204, -5.378574, 1713614853506
0.6314707, -1.4975731, -2.9484594, 1713614853526
0.23403321, -4.131195, -2.03148, 1713614853546
0.85173726, -6.930017, 0.1376666, 1713614853567
1.0384849, -9.5492735, 2.9987376, 1713614853589
-0.24001873, -12.240356, 7.4112515, 1713614853607
-1.46585, -13.8325, 13.526043, 1713614853627
-0.7284359, -12.352883, 18.613722, 1713614853649
-0.5009867, -11.639412, 19.813215, 1713614853667
-0.6925228, -10.767922, 20.19629, 1713614853687
-0.22804771, -9.582792, 19.303251, 1713614853708
0.53570265, -9.2547865, 16.672024, 1713614853727
0.65780693, -8.41921, 15.728708, 1713614853747
0.7392098, -7.8469963, 16.32247, 1713614853767
0.8038532, -7.339425, 17.46211, 1713614853789
0.717662, -6.7145386, 18.491617, 1713614853808
1.0791864, -6.4966664, 18.400637, 1713614853828
1.4550761, -6.393716, 18.364723, 1713614853848
1.6585833, -6.314707, 19.133263, 1713614853868
1.6825253, -6.671443, 19.796457, 1713614853890
2.5875335, -6.673837, 19.288885, 1713614853908
4.1820717, -6.70975, 18.43655, 1713614853928
3.9881415, -6.530185, 17.85476, 1713614853949
2.4079683, -7.1622543, 17.845182, 1713614853969
1.4454993, -8.48146, 17.162834, 1713614853993
2.486977, -8.965088, 12.522872, 1713614854010
3.3943794, -7.7679873, 7.327454, 1713614854028
2.2930467, -6.0681043, 2.0506337, 1713614854051
0.030526072, -4.344279, -0.78649527, 1713614854069
-0.6015432, -2.6276364, -2.814384, 1713614854089
-0.4794389, -0.94930094, -4.701015, 1713614854109
0.3489549, -0.09696517, -4.7656584, 1713614854132
-0.75237787, 0.6500258, -6.5684924, 1713614854149
-3.0220811, 2.3211784, -15.087062, 1713614854169
-1.3485341, 3.7457285, -16.803705, 1713614854191
2.0033484, 3.7600937, -11.955446, 1713614854209
3.1812954, 3.630807, -13.312959, 1713614854233
2.496554, 3.8031895, -17.591396, 1713614854250
1.7543513, 3.9612067, -17.885883, 1713614854270
1.0432734, 4.3658266, -15.606604, 1713614854290
0.8900445, 4.787206, -14.557943, 1713614854310
1.5029601, 4.871003, -13.818135, 1713614854332
1.6250644, 4.64116, -12.436681, 1713614854350
1.2036849, 4.298789, -11.230003, 1713614854370
1.1653777, 4.023456, -10.614694, 1713614854394
1.7040731, 3.1950622, -10.562021, 1713614854410
2.369661, 0.961272, -10.087969, 1713614854430
3.0184898, -2.7377696, -7.949947, 1713614854451
2.343325, -6.405687, -4.0138793, 1713614854470
2.498948, -10.042479, -1.4999673, 1713614854491
3.305794, -14.076709, 6.125565, 1713614854511
4.0456023, -14.964958, 16.15727, 1713614854531
5.240309, -12.144588, 24.654291, 1713614854551
3.116652, -9.838972, 24.422054, 1713614854571
0.96905315, -10.1143055, 17.869123, 1713614854592
1.0552444, -10.439917, 15.886725, 1713614854611
1.8309658, -10.420763, 20.217836, 1713614854632
2.0248961, -9.431957, 23.083696, 1713614854651
1.857302, -8.24204, 23.969551, 1713614854671
1.8525136, -6.585252, 21.82195, 1713614854693
1.8501194, -5.3857565, 18.467674, 1713614854712
2.867655, -4.6483426, 16.90426, 1713614854732
3.8325183, -4.408922, 17.964893, 1713614854752
3.9091327, -4.617218, 20.701466, 1713614854776
4.23235, -5.0601454, 20.938492, 1713614854792
5.321712, -5.1200004, 18.154034, 1713614854812
4.8859673, -4.9524064, 15.680824, 1713614854834
3.7606924, -4.787206, 14.893131, 1713614854852
4.3041763, -5.2780175, 13.490129, 1713614854872
4.3903675, -5.6443305, 12.089521, 1713614854893
2.0679917, -6.4272346, 9.4535055, 1713614854913
0.14784196, -5.9172697, 3.4392707, 1713614854933
-0.11312603, -3.5446155, -2.3834279, 1713614854953
-1.846528, -1.1121067, -4.7177744, 1713614854977
-2.2511482, 0.108936176, -4.650737, 1713614854995
-1.9662381, 0.7793127, -4.631583, 1713614855013
-2.7036524, 0.89423436, -4.748899, 1713614855033
-3.6613328, 0.8678981, -8.584411, 1713614855053
-3.283049, 1.7633295, -12.882002, 1713614855073
-1.5759833, 2.742558, -13.198037, 1713614855093
-0.13706805, 2.778471, -13.423092, 1713614855113
-0.3788824, 2.4720132, -16.41345, 1713614855134
-1.5640123, 2.3211784, -18.37909, 1713614855153
-2.7204118, 2.5031378, -17.316063, 1713614855173
-2.581548, 2.8311436, -15.2570505, 1713614855194
-1.6262615, 3.6332011, -14.1629, 1713614855218
-0.75716627, 4.3155484, -14.146141, 1713614855235
-0.4866215, 4.284424, -13.930662, 1713614855254
-0.3286042, 3.7672763, -12.910732, 1713614855275
-0.012569559, 3.3865983, -11.603498, 1713614855294
0.092775315, 2.0578163, -10.289082, 1713614855315
-0.4770447, 0.36272156, -9.2547865, 1713614855334
0.74878657, -2.445677, -7.37055, 1713614855354
2.3888147, -5.5725045, -3.369839, 1713614855375
2.331354, -9.297882, -1.6531962, 1713614855395
2.5492263, -14.165295, 0.9564836, 1713614855416
4.2275615, -18.728643, 5.01705, 1713614855435
4.8309007, -21.051018, 14.074315, 1713614855455
3.968988, -18.496405, 22.928072, 1713614855475
1.7830818, -17.035942, 26.895266, 1713614855495
-0.8050503, -15.216349, 27.25679, 1713614855515
-1.7411832, -13.978547, 22.389378, 1713614855535
-0.3477578, -12.75511, 15.3288765, 1713614855555
0.7248446, -11.467029, 12.898762, 1713614855575
0.8948329, -10.0903635, 16.782156, 1713614855596
0.8948329, -8.692149, 21.333534, 1713614855615
1.0648212, -7.890092, 22.552183, 1713614855636
1.8836381, -7.9595237, 20.088549, 1713614855656
2.429516, -8.268375, 19.18833, 1713614855676
2.6761189, -8.222886, 19.054255, 1713614855696
2.4797945, -8.005013, 18.697517, 1713614855717
3.2196028, -8.27077, 17.905037, 1713614855736
5.122993, -8.859743, 15.132552, 1713614855762
5.927445, -8.943541, 10.494983, 1713614855780
3.6218286, -8.531737, 8.2037325, 1713614855796
0.6745663, -8.210915, 7.5549035, 1713614855818
-1.1306617, -7.1407065, 3.1184478, 1713614855837
-2.0189106, -4.5286326, -1.4377182, 1713614855857
-1.453879, -2.1320367, -4.2796354, 1713614855877
0.6985083, -0.12090719, -3.989937, 1713614855897
-0.7787141, 1.2988545, -3.0585926, 1713614855917
-2.4594438, 1.4856021, -3.4272997, 1713614855937
-2.8951883, 0.8583213, -5.0864816, 1713614855957
-3.8073792, 1.8806454, -12.022484, 1713614855977
-2.047641, 3.6212301, -14.92665, 1713614855997
1.3664906, 3.9133227, -13.049597, 1713614856020
2.8341362, 3.7553053, -13.722367, 1713614856038
2.6282349, 3.1543608, -16.650476, 1713614856058
2.142212, 2.6994624, -17.85476, 1713614856078
1.560421, 2.8670566, -16.889896, 1713614856097
1.4383167, 3.50152, -15.067908, 1713614856119
1.2276269, 4.7800236, -13.731944, 1713614856138
1.2108675, 5.3761797, -13.186066, 1713614856158
1.6011224, 5.021838, -12.992135, 1713614856178
1.5508442, 4.449624, -11.955446, 1713614856198
1.917157, 4.4328647, -10.722432, 1713614856218
0.83737206, 4.602853, -9.90601, 1713614856238
1.2563573, 3.5781345, -10.344149, 1713614856262
2.4103625, -0.7769185, -9.630676, 1713614856289
1.8668787, -5.0266266, -6.0465565, 1713614856302
1.0935516, -9.228451, -3.3794158, 1713614856318
0.20051439, -13.648147, 1.365892, 1713614856338
0.207697, -16.030378, 4.5765166, 1713614856360
0.06404489, -18.113333, 8.49343, 1713614856379
0.86131406, -18.400637, 13.475764, 1713614856401
1.5101427, -17.97447, 18.254591, 1713614856419
0.98581254, -17.430986, 20.804415, 1713614856439
-2.4762032, -16.348806, 20.31121, 1713614856462
-6.4481835, -14.624981, 17.787722, 1713614856479
-7.2861543, -12.8772135, 15.221137, 1713614856499
-5.026028, -11.277887, 14.912285, 1713614856520
-1.8896236, -9.946711, 16.913837, 1713614856540
-0.05566519, -8.86932, 19.889832, 1713614856559
0.46387658, -8.304289, 21.549013, 1713614856580
0.1933318, -8.1797905, 21.175516, 1713614856604
0.29628247, -8.6299, 20.648792, 1713614856621
1.074398, -9.058462, 20.064608, 1713614856642
1.9746178, -9.2907, 19.286491, 1713614856660
2.6090813, -9.589975, 18.551472, 1713614856681
2.973, -10.576386, 16.92102, 1713614856701
3.3991678, -11.538856, 13.959393, 1713614856720
1.6011224, -11.797429, 10.600328, 1713614856744
-0.670975, -11.000159, 7.2005615, 1713614856760
-1.963844, -8.486248, 0.7769185, 1713614856780
-1.3437457, -4.5765166, -4.7776294, 1713614856800
0.86849666, -1.6340426, -4.26527, 1713614856821
1.584363, -0.09935937, -2.2661119, 1713614856841
-0.57281274, 0.30765492, -1.1599907, 1713614856861
-1.441908, -0.62129533, -3.0442274, 1713614856881
0.219668, -1.1360487, -5.1607018, 1713614856902
0.28191724, 0.8870517, -10.753557, 1713614856921
0.64823014, 3.2716765, -18.259378, 1713614856945
3.0591912, 4.617218, -19.511547, 1713614856961
4.198831, 3.9109285, -16.181211, 1713614856981
4.51726, 3.0370448, -15.541961, 1713614857001
4.3664255, 2.9149406, -16.415844, 1713614857021
4.347272, 3.2908301, -16.930597, 1713614857044
4.905121, 4.5621514, -16.15727, 1713614857062
5.1517234, 5.4168816, -15.434221, 1713614857082
4.96737, 4.9308586, -14.261063, 1713614857103
4.0001125, 4.214992, -12.972981, 1713614857122
3.6290112, 3.3482912, -12.434286, 1713614857143
2.795829, 2.6683378, -11.241974, 1713614857162
2.5372553, 1.9093759, -10.55005, 1713614857183
4.2922053, -1.3994108, -9.625888, 1713614857202
4.478953, -6.0585275, -7.3202715, 1713614857222
2.3241713, -10.813412, -6.1112, 1713614857244
0.31783026, -15.688006, -3.357868, 1713614857263
0.3393781, -19.20509, 1.246182, 1713614857283
0.87089086, -20.876242, 5.6563015, 1713614857303
-0.47465047, -20.64161, 13.820529, 1713614857323
-0.88645315, -17.378313, 23.157915, 1713614857343
-0.2088941, -16.576256, 23.75886, 1713614857363
-1.1953052, -16.176424, 18.39106, 1713614857384
-3.2136173, -15.759832, 12.824541, 1713614857403
-3.9989154, -15.343242, 11.402386, 1713614857423
-2.9454668, -14.210784, 13.533225, 1713614857447
-1.1426327, -13.104663, 18.489223, 1713614857463
0.75836337, -11.500547, 21.635204, 1713614857484
1.5652094, -10.274716, 21.82674, 1713614857506
2.0368671, -9.76954, 20.904972, 1713614857531
2.5899277, -9.640253, 19.525911, 1713614857547
2.369661, -9.5492735, 19.185936, 1713614857564
3.6936548, -9.810242, 20.433315, 1713614857586
6.025607, -10.80623, 21.673512, 1713614857604
6.681618, -12.343307, 20.979193, 1713614857624
4.493318, -14.577097, 18.290504, 1713614857646
0.6889315, -16.32726, 11.620258, 1713614857664
-1.7340006, -13.784616, 2.124854, 1713614857685
-1.6166847, -8.462306, -5.153519, 1713614857704
0.54527944, -3.9851487, -6.063316, 1713614857725
2.7455509, -1.4616601, -3.618836, 1713614857746
3.1669302, -0.5279215, -1.5167267, 1713614857765
2.0655975, -0.61411273, -2.2637177, 1713614857786
1.845331, -0.6811504, -4.5262384, 1713614857805
0.23163901, 0.45130703, -11.534067, 1713614857830
1.5628152, 3.084929, -18.474857, 1713614857849
5.101445, 4.7680526, -16.444574, 1713614857865
5.9346275, 4.8757915, -13.42788, 1713614857885
6.367978, 3.4440591, -13.988124, 1713614857905
6.2003837, 2.718616, -15.403096, 1713614857930
5.6497173, 2.9747956, -15.958551, 1713614857947
5.3863554, 3.7433343, -16.411055, 1713614857966
5.015254, 4.4544125, -16.609774, 1713614857986
4.5555673, 4.1144357, -15.733497, 1713614858006
3.9187095, 3.6236243, -13.842077, 1713614858027
3.3393128, 4.0258503, -11.301829, 1713614858046
2.9179332, 5.031415, -10.463859, 1713614858066
3.353678, 5.069722, -11.481394, 1713614858086
4.325724, 1.9835961, -12.477382, 1713614858107
4.198831, -3.6164417, -10.461464, 1713614858127
1.0791864, -9.329007, -8.763975, 1713614858146
-2.0644004, -13.703214, -6.563704, 1713614858166
-4.401141, -17.881096, -3.120842, 1713614858190
-3.091513, -21.168335, 2.5246856, 1713614858207
-1.3293805, -20.605698, 12.304999, 1713614858228
0.7966706, -18.968063, 19.820398, 1713614858247
0.6745663, -16.463728, 25.430014, 1713614858267
-1.6406267, -15.781381, 21.398178, 1713614858287
-5.952584, -14.751874, 14.196419, 1713614858307
-6.7785835, -13.779828, 10.131064, 1713614858329
-3.769072, -13.447034, 11.943475, 1713614858347
-0.6063316, -12.723985, 17.737444, 1713614858372
0.74878657, -11.227609, 23.371, 1713614858390
0.3824737, -9.625888, 22.655134, 1713614858407
-0.39564183, -8.881291, 18.046295, 1713614858430
-0.46507367, -8.026561, 15.61618, 1713614858449
0.45669398, -7.8757267, 16.657658, 1713614858470
1.2108675, -7.8853035, 19.626469, 1713614858488
1.9626468, -7.973889, 20.409372, 1713614858508
3.5260606, -8.519767, 18.479647, 1713614858529
4.5579615, -8.819042, 15.520412, 1713614858548
4.1581297, -8.364143, 12.795811, 1713614858568
2.2164323, -8.383297, 12.233173, 1713614858589
0.09995792, -8.519767, 9.932345, 1713614858609
-0.23523031, -7.1861963, 4.602853, 1713614858629
-0.4770447, -4.322731, -1.3706805, 1713614858649
0.53330845, -1.2485762, -4.2796354, 1713614858673
-0.019752163, 0.7769185, -3.4727895, 1713614858689
-2.7539306, 1.4329298, -1.186327, 1713614858709
-3.1465795, 1.5622166, -0.12569559, 1713614858731
-2.5360582, 0.82240826, -0.78170687, 1713614858749
-2.926313, 0.5590461, -3.8414967, 1713614858770
-4.64535, 1.2198458, -10.55005, 1713614858789
-5.0212393, 3.4129345, -17.282545, 1713614858809
-0.5895722, 4.0066967, -15.084668, 1713614858831
2.022502, 4.092888, -12.987347, 1713614858849
2.7455509, 3.8893807, -16.025589, 1713614858870
2.1015105, 3.750517, -19.607315, 1713614858890
0.9283517, 3.264494, -20.078972, 1713614858912
-0.12509704, 2.847903, -17.368736, 1713614858930
-0.96546185, 3.4440591, -15.417461, 1713614858950
-1.027711, 3.9205053, -16.106993, 1713614858973
-0.8218097, 3.788824, -15.333665, 1713614858990
-1.3748703, 3.3506854, -13.648147, 1713614859012
-1.4730326, 2.5222914, -12.54442, 1713614859030
-1.1450269, 0.6476316, -11.160571, 1713614859050
0.5907693, -2.4384944, -8.400057, 1713614859071
1.2587515, -4.9883194, -4.796783, 1713614859091
-0.3669114, -6.7624226, -2.9221232, 1713614859111
-2.1888988, -11.203667, -2.778471, 1713614859131
-1.774702, -15.544354, 0.9923966, 1713614859151
-0.623091, -18.19713, 5.613206, 1713614859171
1.4311341, -18.805258, 11.574768, 1713614859191
2.6330233, -16.315287, 19.523518, 1713614859211
3.54282, -13.444639, 24.29995, 1713614859231
2.630629, -12.982558, 21.041441, 1713614859251
0.15023616, -13.281834, 15.0104475, 1713614859272
-2.0548236, -13.080721, 13.779828, 1713614859291
-1.489792, -12.656947, 16.643293, 1713614859314
0.6769605, -11.807006, 20.871454, 1713614859336
2.6809072, -10.7751045, 24.41966, 1713614859352
3.6098576, -9.582792, 25.123556, 1713614859372
3.1932666, -9.03452, 22.882584, 1713614859393
3.2291796, -8.881291, 20.105309, 1713614859413
4.2778397, -8.718486, 18.199524, 1713614859433
5.2522798, -8.1797905, 17.220295, 1713614859455
5.1277814, -8.033744, 16.98327, 1713614859472
4.787805, -8.450335, 16.262615, 1713614859492
5.0583496, -9.190144, 12.587516, 1713614859514
3.6433764, -9.2907, 7.787141, 1713614859532
0.42556936, -8.728063, 5.4863133, 1713614859555
-1.9949685, -7.8493905, 2.3570917, 1713614859574
-1.3892355, -5.8238955, -1.3227965, 1713614859593
1.4191631, -3.309984, -3.2668881, 1713614859614
1.8956091, -1.6747441, -4.0378213, 1713614859634
-1.0636241, -0.40581718, -4.4999022, 1713614859654
-3.153762, 0.93732995, -6.147113, 1713614859673
-4.1904516, 2.184709, -11.98657, 1713614859693
-0.9056068, 4.5142674, -14.545973, 1713614859714
1.8884265, 6.3793507, -12.307394, 1713614859733
4.2251673, 6.2380924, -11.830948, 1713614859758
6.4206505, 5.127183, -13.976152, 1713614859773
6.925827, 4.7297454, -16.43021, 1713614859794
5.939416, 4.8901567, -17.29691, 1713614859814
4.694431, 5.3857565, -15.934609, 1713614859834
4.3544545, 6.1159883, -14.246697, 1713614859855
4.5819035, 6.290765, -13.6649065, 1713614859874
4.1317935, 5.543774, -13.236344, 1713614859895
2.7455509, 4.9643774, -11.558009, 1713614859914
0.9331401, 4.4017396, -9.872491, 1713614859934
-0.25198972, 3.6954503, -8.742428, 1713614859958
0.08080431, 2.2876596, -7.5644803, 1713614859974
-0.048482586, -0.29568392, -6.501455, 1713614859994
-0.26156655, -3.4608185, -4.614824, 1713614860015
-0.30226797, -6.3003416, -2.634819, 1713614860035
-0.17537527, -9.312247, -0.61650693, 1713614860055
-0.108337626, -13.095086, 1.5382746, 1713614860075
0.10235212, -16.14051, 5.282806, 1713614860097
-0.019752163, -16.760609, 10.717644, 1713614860115
0.6027403, -16.353594, 15.465346, 1713614860135
0.6985083, -15.213955, 20.395008, 1713614860155
0.31064767, -13.863625, 23.335087, 1713614860175
-0.6901286, -13.281834, 22.49951, 1713614860196
-1.6382325, -12.652159, 21.398178, 1713614860215
-2.260725, -11.421539, 21.5538, 1713614860236
-0.88166475, -10.059238, 21.0582, 1713614860257
1.0672154, -9.218874, 20.660763, 1713614860276
2.8508956, -8.4647, 21.22819, 1713614860296
3.5643678, -8.143877, 21.951239, 1713614860316
3.0065188, -8.380903, 21.74055, 1713614860336
2.369661, -8.91481, 20.385431, 1713614860356
2.8149827, -9.384073, 18.024748, 1713614860376
3.3848026, -9.305065, 16.868347, 1713614860396
2.9059622, -10.3226, 16.569073, 1713614860416
2.3959973, -11.835736, 14.474147, 1713614860438
1.5891514, -12.376825, 9.738416, 1713614860457
0.22924481, -10.923545, 3.9492357, 1713614860477
-1.8177977, -7.799112, -0.1448492, 1713614860503
-2.1218612, -4.531027, -2.7090392, 1713614860519
-0.3597288, -1.578976, -4.068946, 1713614860537
0.3633201, -0.32202014, -2.9412768, 1713614860557
-1.1426327, 0.12808979, -2.7449522, 1713614860577
-2.224812, -0.108936176, -3.1902738, 1713614860598
-4.0396166, 1.0115502, -8.663419, 1713614860617
-2.1027076, 3.120842, -14.969747, 1713614860637
1.4526819, 4.6842556, -13.846866, 1713614860657
3.4231098, 5.5485625, -11.88362, 1713614860677
5.053561, 4.9284644, -14.143746, 1713614860699
6.0184245, 4.557363, -16.712725, 1713614860717
5.695207, 4.406528, -17.569849, 1713614860740
4.565144, 4.2556934, -17.328035, 1713614860759
3.5140896, 4.68665, -15.932215, 1713614860782
3.530849, 5.3235073, -14.210784, 1713614860801
3.3512838, 5.103241, -12.910732, 1713614860818
2.9179332, 5.088876, -11.134235, 1713614860840
2.415151, 5.246893, -9.441534, 1713614860858
1.5316905, 4.969166, -8.304289, 1713614860878
1.050456, 4.8997335, -7.8326306, 1713614860899
0.54049104, 3.716998, -7.5788455, 1713614860918
-0.3477578, 1.377863, -7.868544, 1713614860939
-0.46507367, -1.5861586, -7.0712748, 1713614860959
1.002572, -5.2085857, -5.177461, 1713614860979
1.1055226, -9.510966, -3.9396589, 1713614860999
1.8764555, -15.759832, -1.0642227, 1713614861020
4.076727, -19.049465, 5.0481744, 1713614861040
3.9546227, -19.540277, 11.323377, 1713614861059
-0.22804771, -18.620903, 18.831593, 1713614861081
-1.3964181, -14.847642, 25.37016, 1713614861100
0.13347675, -14.105439, 23.914484, 1713614861120
-0.24241292, -13.87799, 18.912996, 1713614861141
-0.99658644, -12.953828, 16.394297, 1713614861160
-0.5105635, -11.361684, 16.581043, 1713614861182
1.0073603, -9.831789, 18.707094, 1713614861200
2.7383683, -8.423999, 21.130028, 1713614861221
3.5164838, -7.2221093, 22.741325, 1713614861240
4.0096893, -6.8222775, 22.384588, 1713614861260
3.815759, -7.004237, 20.440496, 1713614861282
4.6441526, -6.8318543, 18.51077, 1713614861300
6.533178, -6.4152637, 15.946581, 1713614861320
7.677606, -6.135142, 16.604986, 1713614861341
7.1987658, -6.740875, 16.573862, 1713614861362
5.209184, -8.01459, 15.067908, 1713614861381
3.3345244, -8.823831, 12.465411, 1713614861401
1.4359225, -8.124723, 7.073669, 1713614861422
-0.31902736, -5.5748987, 2.2254105, 1713614861441
-2.248754, -2.421735, -1.7633295, 1713614861461
-0.7691373, -0.11372458, -3.6643257, 1713614861481
0.26994625, 1.7848774, -2.3930047, 1713614861501
-0.3429694, 1.9668367, -1.3970166, 1713614861521
-0.5153519, 1.2725182, -0.8726865, 1713614861542
-1.2671312, 1.0378864, -1.9907787, 1713614861561
-2.7539306, 1.5047557, -8.352173, 1713614861581
-1.9351135, 3.0226796, -15.285781, 1713614861602
1.857302, 4.2700586, -14.6585, 1713614861624
4.3161473, 4.859032, -12.637794, 1713614861642
5.6999955, 4.212598, -13.25071, 1713614861662
5.774216, 3.7600937, -14.337677, 1713614861685
4.8069587, 3.654749, -14.957775, 1713614861702
3.7989995, 3.8295257, -15.597027, 1713614861722
3.0232782, 4.4424415, -14.876372, 1713614861742
3.341707, 4.6698904, -13.444639, 1713614861762
3.329736, 4.4161053, -12.633005, 1713614861783
3.128623, 4.509479, -11.095928, 1713614861802
2.1470003, 4.655525, -9.982624, 1713614861823
1.7615339, 4.9021277, -9.101558, 1713614861843
1.6059108, 5.076905, -8.780735, 1713614861863
1.3449428, 3.9228995, -9.465476, 1713614861884
1.6801311, 1.3491327, -9.065644, 1713614861903
1.5077485, -2.895787, -6.3913217, 1713614861923
0.789488, -5.807136, -1.4999673, 1713614861943
-0.96546185, -8.289924, 0.49919105, 1713614861963
-1.7340006, -11.744757, 1.447295, 1713614861983
-2.380435, -15.206772, 5.99149, 1713614862003
-2.6749218, -15.951369, 12.573151, 1713614862025
-3.0220811, -14.682442, 19.339165, 1713614862047
-3.3141737, -12.465411, 24.132357, 1713614862063
-1.9255368, -10.380061, 24.182634, 1713614862084
-1.9063832, -10.02572, 20.349518, 1713614862104
-3.8815994, -9.8437605, 20.083761, 1713614862125
-4.0659533, -9.118318, 21.76928, 1713614862144
-2.7730842, -7.878121, 23.473951, 1713614862165
-0.55126494, -6.51582, 24.996662, 1713614862184
0.9355343, -5.866991, 25.001451, 1713614862204
1.4359225, -5.9364233, 22.703018, 1713614862225
2.1134815, -6.041768, 20.035877, 1713614862244
3.0496144, -6.647501, 17.663223, 1713614862265
4.136582, -6.408081, 16.102203, 1713614862285
5.204396, -5.507861, 15.362395, 1713614862305
5.5419784, -5.8358665, 14.510059, 1713614862325
1.6705543, -7.2149267, 13.4661875, 1713614862345
-2.7036524, -7.9212165, 7.7224975, 1713614862365
-4.042011, -5.0505686, -1.5861586, 1713614862385
-1.8177977, -1.9285295, -5.064934, 1713614862405
-0.7858967, 0.077811554, -3.9827545, 1713614862425
0.30346507, 0.6572084, -2.7353754, 1713614862445
-0.4866215, -0.025139118, -1.1719618, 1713614862465
-2.7850552, -0.21428105, -5.957971, 1713614862485
-1.9710265, 1.4999673, -13.542802, 1713614862506
1.2084733, 4.0043025, -13.897143, 1713614862526
3.0735564, 5.199009, -10.736797, 1713614862548
4.244321, 4.80636, -12.340913, 1713614862586
4.565144, 4.0880995, -15.556326, 1713614862590
4.797382, 3.6858735, -16.274586, 1713614862609
4.421492, 3.7576995, -15.264233, 1713614862626
3.9713821, 4.0880995, -14.998477, 1713614862646
3.8373067, 4.3299136, -14.79497, 1713614862669
3.6816838, 4.5166616, -13.755886, 1713614862686
3.233968, 4.7536874, -12.228385, 1713614862707
1.977012, 4.6722846, -10.93791, 1713614862728
1.6801311, 4.724957, -9.297882, 1713614862748
2.0033484, 4.871003, -8.567651, 1713614862767
1.54845, 4.2173862, -8.910022, 1713614862787
0.53570265, 1.4520833, -9.285912, 1713614862807
0.7152678, -1.4927847, -7.0712748, 1713614862827
3.3919852, -3.989937, -1.9644425, 1713614862847
4.3424835, -7.1885905, 1.0737995, 1713614862867
3.2267854, -11.716026, 0.62368953, 1713614862890
2.4390929, -16.36317, 1.7513585, 1713614862908
2.4438813, -19.937716, 5.866991, 1713614862928
0.9283517, -20.471622, 12.910732, 1713614862947
-1.3916297, -18.898632, 21.730972, 1713614862969
-2.1362264, -15.757439, 28.724436, 1713614862988
-1.6645688, -15.043966, 27.70211, 1713614863007
-2.2655134, -14.160506, 21.2234, 1713614863028
-2.3014264, -13.126211, 16.118963, 1713614863048
-2.0500352, -11.452663, 16.849194, 1713614863068
-2.0811598, -9.949105, 21.168335, 1713614863088
-1.2264298, -9.242816, 23.897724, 1713614863109
-0.66139823, -8.993818, 23.636757, 1713614863128
0.6937199, -8.986636, 20.593725, 1713614863153
1.7735049, -8.682572, 16.193184, 1713614863169
1.3545196, -8.15106, 14.677653, 1713614863189
0.7990648, -7.9834657, 16.94975, 1713614863208
1.7591397, -9.163807, 17.687164, 1713614863229
2.843713, -10.427945, 14.759056, 1713614863252
2.6282349, -10.250774, 9.3026705, 1713614863269
-0.4914099, -8.8645315, 6.489484, 1713614863289
-1.7459716, -7.1790137, 3.7241807, 1713614863311
-0.57999533, -4.758476, -0.053869538, 1713614863330
0.14544775, -2.1799207, -1.4568717, 1713614863352
-0.43155485, -0.9828198, 0.092176765, 1713614863369
-1.3868413, -1.7489643, 0.93493575, 1713614863389
-3.177704, -2.0147207, -2.64679, 1713614863410
-2.2990322, -0.11851298, -14.577097, 1713614863429
2.7383683, 2.790442, -17.766174, 1713614863450
6.1285577, 4.435259, -12.97777, 1713614863470
9.355942, 3.1663318, -13.324929, 1713614863489
9.245809, 1.5382746, -19.722237, 1713614863510
6.281787, -0.18076223, -26.016592, 1713614863530
2.3265655, 0.7410054, -17.603369, 1713614863550
0.8062474, 2.6850972, -13.956999, 1713614863570
2.8820202, 4.545392, -16.09981, 1713614863593
4.5938745, 4.334702, -15.381549, 1713614863610
4.723161, 4.035427, -12.700043, 1713614863630
3.0663738, 3.8055837, -10.380061, 1713614863650
2.4271219, 3.549404, -7.9834657, 1713614863670
1.6561891, 4.4568067, -6.70975, 1713614863692
0.7727286, 4.272453, -7.3442135, 1713614863711
-0.7092823, 2.0913353, -7.597999, 1713614863731
-2.1338322, -0.47285482, -5.771223, 1713614863751
-2.1888988, -0.82719666, -0.30765492, 1713614863771
-0.5943606, -1.9859903, 2.5582044, 1713614863794
0.75118077, -3.7792473, 3.405752, 1713614863812
-0.75716627, -6.721721, 5.2636523, 1713614863831
-2.6868927, -9.192537, 7.4926543, 1713614863852
-1.8106151, -9.860519, 11.282676, 1713614863871
1.6537948, -9.044097, 16.399084, 1713614863892
1.4335283, -8.694544, 18.110939, 1713614863912
-0.29987377, -8.890868, 17.677588, 1713614863932
0.05207389, -7.4687123, 16.303316, 1713614863952
1.3545196, -7.1502833, 14.483724, 1713614863972
0.8948329, -7.1047935, 15.592238, 1713614863993
-0.22804771, -6.7600284, 17.38789, 1713614864012
-0.6925228, -6.1327477, 17.289728, 1713614864032
-0.03172317, -5.5725045, 15.518019, 1713614864052
0.85173726, -4.701015, 13.253103, 1713614864072
1.5628152, -3.8247373, 11.241974, 1713614864093
0.9115923, -3.120842, 10.674548, 1713614864113
0.38965634, -2.4361002, 10.873267, 1713614864137
0.219668, -1.650802, 12.058397, 1713614864153
-0.3357868, -0.36750996, 12.455834, 1713614864173
0.13587095, -0.053869538, 10.471041, 1713614864195
1.0791864, -0.47524905, 7.5333557, 1713614864213
1.2348095, -0.32202014, 7.4447703, 1713614864233
1.5628152, -0.676362, 9.647436, 1713614864253
1.5867572, -1.3156139, 11.206061, 1713614864273
1.6537948, -1.389834, 10.878056, 1713614864294
2.0488381, -1.1121067, 10.143036, 1713614864314
1.596334, -0.50637364, 10.296265, 1713614864334
0.4902128, -0.061052144, 10.681731, 1713614864354
0.741604, 0.25019407, 10.356119, 1713614864374
0.9139865, 0.32680854, 8.620323, 1713614864395
0.41359833, 1.0163386, 7.916428, 1713614864414
0.15263036, 1.7657237, 8.531737, 1713614864436
-0.110731825, 1.8423382, 10.001778, 1713614864454
0.2148796, 1.5334862, 11.086351, 1713614864474
1.0959458, 1.0474633, 10.741586, 1713614864495
1.7375919, 0.9540894, 9.247604, 1713614864514
1.4335283, 1.8207904, 8.665813, 1713614864534
1.2563573, 2.2852654, 9.053674, 1713614864555
1.4598645, 2.1703439, 9.065644, 1713614864575
1.560421, 2.2493525, 8.160637, 1713614864595
1.2683283, 2.7138276, 7.7081323, 1713614864615
0.84694886, 2.967613, 8.15106, 1713614864635
0.6027403, 2.9700072, 8.378509, 1713614864655
0.83018947, 3.1471782, 8.644265, 1713614864675
0.8062474, 3.1735144, 9.209297, 1713614864695
0.54049104, 2.9149406, 9.475053, 1713614864715
0.3513491, 2.9221232, 9.759963, 1713614864735
0.41599256, 3.0107086, 9.781511, 1713614864755
0.55725044, 2.9580362, 9.609129, 1713614864776
0.74878657, 3.003526, 9.496601, 1713614864796
0.8924387, 3.0418332, 9.374496, 1713614864816
1.0313023, 3.1759086, 9.19972, 1713614864836
0.40162733, 3.1998506, 8.670602, 1713614864856
-0.11312603, 3.3602622, 8.649054, 1713614864878
0.090381116, 3.2740707, 8.665813, 1713614864896
0.29628247, 3.2190042, 8.661025, 1713614864916
0.5835867, 3.2094274, 8.831013, 1713614864937
1.0911574, 3.0466216, 8.926781, 1713614864956
0.14305355, 3.3147724, 9.317036, 1713614864977
-1.1330559, 3.5733461, 8.998607, 1713614865006
-0.2112883, 3.1639376, 8.974665, 1713614865021
0.24600422, 2.9173348, 9.2308445, 1713614865037
